0 0.442527711391449 0.5074232220649719 142 122 (0.442527711391449,0.5074232220649719,3.406517267227173) (-0.16218984127044678,-0.01571163535118103,3.406517744064331)
8 0.36438602209091187 0.5074232220649719 117 122 (0.36438602209091187,0.5074232220649719,3.406517267227173) (-0.3827098309993744,-0.015711653977632523,3.406517744064331)
16 0.23267260193824768 0.5074232220649719 74 122 (0.23267260193824768,0.5074232220649719,3.406517267227173) (-0.7544119954109192,-0.01571168564260006,3.406517744064331)
24 0.2113487869501114 0.5344080924987793 68 128 (0.2113487869501114,0.5344080924987793,3.396484375) (-0.8121898174285889,-0.07261168956756592,3.396484851837158)
32 0.20575709640979767 0.7118956446647644 66 171 (0.20575709640979767,0.7118956446647644,3.3319387435913086) (-0.8121897578239441,-0.4386668801307678,3.331939220428467)
40 0.2023361325263977 0.820481538772583 65 197 (0.2023361325263977,0.820481538772583,3.2936458587646484) (-0.8121897578239441,-0.6558367013931274,3.2936463356018066)
48 0.26982080936431885 0.820481538772583 86 197 (0.26982080936431885,0.820481538772583,3.2936458587646484) (-0.628054678440094,-0.6558367013931274,3.2936463356018066)
56 0.42742863297462463 0.820481538772583 137 197 (0.42742863297462463,0.820481538772583,3.2936458587646484) (-0.19801440834999084,-0.6558366417884827,3.2936463356018066)
64 0.5636364221572876 0.820481538772583 180 197 (0.5636364221572876,0.820481538772583,3.2936458587646484) (0.17363494634628296,-0.6558366417884827,3.2936463356018066)
72 0.7212441563606262 0.8204814791679382 231 197 (0.7212441563606262,0.8204814791679382,3.2936458587646484) (0.6036750674247742,-0.6558365821838379,3.2936463356018066)
80 0.7887288928031921 0.8204814791679382 252 197 (0.7887288928031921,0.8204814791679382,3.2936458587646484) (0.787810206413269,-0.6558365821838379,3.2936463356018066)
88 0.7864692807197571 0.7465390563011169 252 179 (0.7864692807197571,0.7465390563011169,3.3196253776550293) (0.787810206413269,-0.5084997415542603,3.3196258544921875)
96 0.7813273072242737 0.5782765746116638 250 139 (0.7813273072242737,0.5782765746116638,3.3802993297576904) (0.7878101468086243,-0.16440044343471527,3.3802998065948486)
104 0.7770299911499023 0.4376521706581116 249 105 (0.7770299911499023,0.4376521706581116,3.4327352046966553) (0.7878101468086243,0.1329771727323532,3.4327356815338135)
112 0.7722184658050537 0.2802025079727173 247 67 (0.7722184658050537,0.2802025079727173,3.4934096336364746) (0.7878100872039795,0.47707635164260864,3.493410110473633)
120 0.7702089548110962 0.21444547176361084 246 51 (0.7702089548110962,0.21444547176361084,3.5193896293640137) (0.7878100872039795,0.6244131922721863,3.519390106201172)
128 0.7070529460906982 0.21444550156593323 226 51 (0.7070529460906982,0.21444550156593323,3.5193896293640137) (0.6036749482154846,0.6244131922721863,3.519390106201172)
136 0.5595545768737793 0.21444550156593323 179 51 (0.5595545768737793,0.21444550156593323,3.5193893909454346) (0.1736348569393158,0.6244131326675415,3.519390106201172)
144 0.43208348751068115 0.21444553136825562 138 51 (0.43208348751068115,0.21444553136825562,3.5193893909454346) (-0.19801461696624756,0.6244130730628967,3.519390106201172)
152 0.2845851480960846 0.21444553136825562 91 51 (0.2845851480960846,0.21444553136825562,3.5193893909454346) (-0.6280547380447388,0.6244130730628967,3.519390106201172)
160 0.22142912447452545 0.214445561170578 71 51 (0.22142912447452545,0.214445561170578,3.5193893909454346) (-0.8121898770332336,0.6244130730628967,3.519390106201172)
168 0.330125093460083 0.3117121458053589 106 75 (0.330125093460083,0.3117121458053589,3.481096029281616) (-0.48989132046699524,0.4072433114051819,3.4810967445373535)
176 0.5188547372817993 0.4805968701839447 166 115 (0.5188547372817993,0.4805968701839447,3.4165501594543457) (0.05336570367217064,0.041188377887010574,3.416550874710083)
184 0.5459079742431641 0.5074232220649719 175 122 (0.5459079742431641,0.5074232220649719,3.406517267227173) (0.12955468893051147,-0.01571161113679409,3.406517744064331)
192 0.5129164457321167 0.5074232220649719 164 122 (0.5129164457321167,0.5074232220649719,3.406517267227173) (0.036450862884521484,-0.015711618587374687,3.406517744064331)
200 0.442527711391449 0.5074232220649719 142 122 (0.442527711391449,0.5074232220649719,3.406517267227173) (-0.16218984127044678,-0.01571163535118103,3.406517744064331)
208 0.31761035323143005 0.41332000494003296 102 99 (0.31761035323143005,0.41332000494003296,3.4419736862182617) (-0.520070493221283,0.18537110090255737,3.44197416305542)
216 0.16211602091789246 0.21071872115135193 52 51 (0.16211602091789246,0.21071872115135193,3.5208723545074463) (-0.9855358004570007,0.632828950881958,3.5208730697631836)
224 0.09014468640089035 0.10222111642360687 29 25 (0.09014468640089035,0.10222111642360687,3.5646302700042725) (-1.2103183269500732,0.88099205493927,3.5646307468414307)
232 0.21988773345947266 0.22789230942726135 70 55 (0.21988773345947266,0.22789230942726135,3.5140445232391357) (-0.8154435157775879,0.5941058993339539,3.514045000076294)
240 0.6105789542198181 0.6079208850860596 195 146 (0.6105789542198181,0.6079208850860596,3.3694496154785156) (0.30866387486457825,-0.22593344748020172,3.369450092315674)
248 0.889955997467041 0.8796733617782593 285 211 (0.889955997467041,0.8796733617782593,3.2731401920318604) (1.0573887825012207,-0.7721303105354309,3.2731406688690186)
256 0.8263794779777527 0.8847350478172302 264 212 (0.8263794779777527,0.8847350478172302,3.2713985443115234) (0.8845264315605164,-0.7820077538490295,3.2713990211486816)
264 0.5468354821205139 0.8425711989402771 175 202 (0.5468354821205139,0.8425711989402771,3.285963535308838) (0.12749475240707397,-0.6994062066078186,3.285964012145996)
272 0.32925230264663696 0.7609723210334778 105 183 (0.32925230264663696,0.7609723210334778,3.3145222663879395) (-0.4688461422920227,-0.5374415516853333,3.3145227432250977)
280 0.32952195405960083 0.6405418515205383 105 154 (0.32952195405960083,0.6405418515205383,3.357590436935425) (-0.4741881787776947,-0.2931901514530182,3.357590913772583)
288 0.4372181296348572 0.4474576711654663 140 107 (0.4372181296348572,0.4474576711654663,3.4290261268615723) (-0.17834442853927612,0.11194261908531189,3.4290266036987305)
296 0.6101970672607422 0.30848607420921326 195 74 (0.6101970672607422,0.30848607420921326,3.4823522567749023) (0.31790491938591003,0.41437050700187683,3.4823529720306396)
304 0.8090060949325562 0.31970375776290894 259 77 (0.8090060949325562,0.31970375776290894,3.500241756439209) (0.8960238099098206,0.39210325479507446,3.500242233276367)
312 1.104067087173462 0.523963451385498 353 126 (1.104067087173462,0.523963451385498,3.5983452796936035) (1.8007047176361084,-0.053575824946165085,3.59834623336792)
320 1.3114831447601318 0.7337339520454407 420 176 (1.3114831447601318,0.7337339520454407,3.7759921550750732) (2.5384294986724854,-0.5483638644218445,3.7759928703308105)
328 1.259181022644043 0.7551440596580505 403 181 (1.259181022644043,0.7551440596580505,3.9774022102355957) (2.501493215560913,-0.6305229067802429,3.977402925491333)
336 0.6439279317855835 0.5578538775444031 206 134 (0.6439279317855835,0.5578538775444031,4.31323766708374) (0.5142838358879089,-0.15504297614097595,4.313238620758057)
344 -0.023991616442799568 0.3370381295681 -8 81 (-0.023991616442799568,0.3370381295681,4.626704692840576) (-2.008401870727539,0.4684610366821289,4.626705646514893)
352 -0.1850927770137787 0.2863081693649292 -59 69 (-0.1850927770137787,0.2863081693649292,4.692633152008057) (-2.663302421569824,0.6230461597442627,4.692634105682373)
360 -0.038966625928878784 0.40733787417411804 -12 98 (-0.038966625928878784,0.40733787417411804,4.43209981918335) (-1.9789093732833862,0.2551686465740204,4.432100772857666)
368 0.2158028483390808 0.6183518171310425 69 148 (0.2158028483390808,0.6183518171310425,4.040944576263428) (-0.9513869285583496,-0.29714882373809814,4.040945529937744)
376 0.3181440234184265 0.7031164169311523 102 169 (0.3181440234184265,0.7031164169311523,3.902589797973633) (-0.5879426598548889,-0.4925086200237274,3.90259051322937)
384 0.3181440234184265 0.7031164169311523 102 169 (0.3181440234184265,0.7031164169311523,3.902589797973633) (-0.5879426598548889,-0.4925086200237274,3.90259051322937)
392 0.3181440234184265 0.7031164169311523 102 169 (0.3181440234184265,0.7031164169311523,3.902589797973633) (-0.5879426598548889,-0.4925086200237274,3.90259051322937)
