0000,[136.43550682 102.91196859],42.202509597096196,[29.10286201 34.04967669]
0008,[144.94712594 102.75596942],-42.81092396616548,[34.3158638  30.07418478]
0016,[159.61340234 102.79596446],-29.410152365542658,[34.37034305 31.11545344]
0024,[162.15468449 100.61809968],-27.669359047683162,[33.53668556 30.35623673]
0032,[163.80584105  86.96728068],-19.06805849371065,[32.22523045 27.82663496]
0040,[164.90557953  79.49046691],-18.187828965115973,[31.62041942 25.97491241]
0048,[157.84712685  79.31013402],-23.258911637047564,[31.16889738 25.31772549]
0056,[141.94164804  79.59109741],-34.63092599656251,[31.00976611 24.14444121]
0064,[128.80777824  80.69059489],-41.28357450006543,[32.8895352  23.52967753]
0072,[115.4052438   82.88384203],42.48667038745538,[23.0486205  35.26239079]
0080,[110.2524542   83.96253014],39.077181888662516,[23.88782413 38.46160748]
0088,[109.13694877  88.56287283],36.37878127462978,[26.24799333 41.61233522]
0096,[106.48787202 100.29671656],30.01403218319655,[28.88006314 43.30167531]
0104,[104.71599647 111.22740445],23.160490011899984,[30.33877121 43.62310793]
0112,[103.49287514 124.21617682],14.482328031975223,[30.69023976 42.51177918]
0120,[103.20629864 129.98980483],10.942217756314013,[29.24820214 40.07950975]
0128,[108.28235844 129.77974403],11.9242893323089,[28.53283845 37.13264835]
0136,[121.94054805 129.30038701],13.39265858085465,[29.36688099 35.00846303]
0144,[135.5540872  129.01105232],17.910566489547094,[30.25441234 33.33010472]
0152,[152.28765994 128.98560735],25.583022197390637,[31.85976627 33.49593697]
0160,[159.77331688 128.92747785],27.515699302277017,[33.75319728 34.91827933]
0168,[147.42369093 119.80863255],33.50577376606836,[34.82302219 37.56984024]
0176,[128.32503321 105.2846301 ],36.303864268125054,[33.16836755 40.53288617]
0184,[126.03311853 103.20893136],35.66363618990309,[35.33596108 44.20087039]
0192,[129.35952167 102.92987483],37.295692838682925,[38.2281074  46.87154189]
0200,[136.62752914 102.52648399],42.38127036076741,[40.49103758 48.00791026]
0208,[149.54712125 110.32873724],-44.241940111859535,[48.04661778 43.84851227]
0216,[166.63053375 128.92524021],32.63343093856885,[46.04146202 46.89442798]
0224,[174.84093085 139.17979736],30.877220880196123,[43.85065055 44.3462673 ]
0232,[159.8973369 127.4056894],34.199888232181834,[39.30040291 40.59280303]
0240,[121.08844551  96.11863848],38.79927949865992,[27.41164748 36.2235194 ]
0248,[104.63744828  82.43189505],37.999727580415744,[19.13469481 33.76531086]
0256,[108.93574058  80.87082934],40.717817389293245,[20.23507287 34.16279586]
0264,[130.72954587  79.11159124],-39.42149435819311,[36.47066718 26.28154538]
0272,[151.22461349  83.16585482],-28.70801544594394,[39.2866989  32.00778606]
0280,[149.91380199  91.78865676],-32.983910340360346,[42.14155067 35.6518123 ]
0288,[136.589608   107.61195124],40.08841183066927,[37.90698818 44.06774195]
0296,[117.75992801 120.66511568],20.68882183473348,[35.9518397  44.72486466]
0304,[101.11347204 121.28270742],16.010492371538856,[30.36110481 43.71784507]
0312,[ 85.86387288 110.3692868 ],19.508003643345113,[21.27356455 40.7257561 ]
0320,[ 80.95973125 101.74362209],22.544237551351287,[15.53552089 37.02614869]
0328,[ 82.80784452 100.50969906],24.128065300492004,[15.24574031 34.04070343]
0336,[117.45256881 105.70455339],30.966031923678408,[26.34200363 34.0450085 ]
0344,[189.43134381 125.51171386],7.408732501657601,[34.15745411 33.64905103]
0352,[206.03777904 130.84754999],-38.71930694284084,[33.06369189 34.03516939]
0360,[190.98290963 118.7271904 ],9.830035588491855,[34.04247179 33.00881936]
0368,[162.95689908  98.08125847],-24.100884348122566,[33.57015081 30.46634175]
0376,[152.26102838  90.78259751],-32.251657854404115,[33.91262773 28.83052449]
0384,[152.29157668  90.7512931 ],-30.56850704464691,[34.5479286  29.33844803]
0392,[152.30663725  90.74958562],-31.576616368105622,[34.96110436 29.6876942 ]
