0020,[175.93450927734375, 144.00131225585938],18.80158805847168,[39.59000015258789, 42.6107063293457]
0021,[183.9586944580078, 147.33065795898438],19.831296920776367,[41.82054138183594, 43.287506103515625]
0022,[191.57411193847656, 150.72640991210938],22.661792755126953,[43.80661392211914, 44.223976135253906]
0023,[198.37962341308594, 154.22329711914062],149.76400756835935,[45.22084045410156, 46.1017951965332]
0024,[0.0, 0.0],-90.0,[0.0, 0.0]
0025,[0.0, 0.0],-90.0,[0.0, 0.0]
0026,[0.0, 0.0],-90.0,[0.0, 0.0]
0027,[0.0, 0.0],-90.0,[0.0, 0.0]
0028,[201.8022918701172, 155.7862091064453],144.74403381347656,[48.40584945678711, 49.982852935791016]
0029,[0.0, 0.0],-90.0,[0.0, 0.0]
0030,[200.7482147216797, 155.82545471191406],121.7552490234375,[49.2360725402832, 50.39842987060547]
0031,[0.0, 0.0],-90.0,[0.0, 0.0]
0032,[197.4064178466797, 157.0405731201172],149.86311340332028,[50.510250091552734, 51.598297119140625]
0033,[194.90399169921875, 157.53048706054688],154.9574584960937,[50.759117126464844, 51.38667297363281]
0034,[0.0, 0.0],-90.0,[0.0, 0.0]
0035,[188.67747497558594, 159.38058471679688],171.6668243408203,[50.52954864501953, 52.73775100708008]
0036,[184.9727783203125, 160.2439727783203],173.50999450683594,[50.2236442565918, 52.69072723388672]
0037,[0.0, 0.0],-90.0,[0.0, 0.0]
0038,[176.86911010742188, 162.47650146484375],174.5241241455078,[49.2271614074707, 53.68265151977539]
0039,[0.0, 0.0],-90.0,[0.0, 0.0]
0040,[169.08216857910156, 164.32350158691406],176.41171264648438,[48.01628112792969, 53.84424591064453]
0041,[165.35743713378906, 164.7124481201172],178.00238037109375,[47.197364807128906, 53.68671798706055]
0042,[0.0, 0.0],-90.0,[0.0, 0.0]
0043,[0.0, 0.0],-90.0,[0.0, 0.0]
0044,[0.0, 0.0],-90.0,[0.0, 0.0]
0045,[0.0, 0.0],-90.0,[0.0, 0.0]
0046,[152.44078063964844, 162.79595947265625],179.93098449707037,[43.2692756652832, 54.07423782348633]
0047,[150.2799530029297, 161.7852020263672],1.220597743988037,[42.87965774536133, 53.35808563232422]
0048,[148.12149047851562, 160.68310546875],2.566624164581299,[41.849605560302734, 53.53913497924805]
0049,[0.0, 0.0],-90.0,[0.0, 0.0]
0050,[144.496826171875, 157.63253784179688],5.486969470977783,[40.41429138183594, 53.16563034057617]
0051,[143.03829956054688, 155.86343383789062],6.697776317596421,[39.448822021484375, 52.986141204833984]
0052,[141.7955780029297, 154.0111846923828],6.576449871063218,[39.021175384521484, 52.76595687866211]
0053,[140.80572509765625, 151.9951629638672],8.162643432617188,[38.39466094970703, 52.63058853149414]
0054,[140.03005981445312, 149.65769958496094],10.3967990875244,[37.68840789794922, 52.35039520263672]
0055,[139.66021728515625, 147.3716583251953],11.505147933959961,[37.2420654296875, 51.8082389831543]
0056,[139.44129943847656, 145.1378936767578],12.79978084564209,[36.64156723022461, 51.78523254394531]
0057,[139.48831176757812, 142.70108032226562],13.883941650390625,[36.3108024597168, 51.43470001220703]
0058,[140.18687438964844, 140.159912109375],15.884409904479995,[36.08308029174805, 51.170162200927734]
0059,[141.90634155273438, 136.74618530273438],18.834087371826172,[36.207763671875, 51.091739654541016]
0060,[144.77777099609375, 132.77435302734375],22.260023117065415,[36.52021026611328, 50.85327911376953]
0061,[148.9583740234375, 128.04920959472656],26.797349929809585,[37.3040771484375, 50.19881057739258]
0062,[154.3199920654297, 122.92028045654297],32.195308685302734,[38.05087661743164, 50.20414733886719]
0063,[160.875732421875, 117.67102813720703],38.09657287597656,[38.85283279418945, 50.11073684692383]
0064,[168.3239288330078, 112.56548309326172],43.51958465576172,[39.596710205078125, 50.230464935302734]
0065,[176.23777770996094, 107.49198150634766],49.944339752197266,[40.04816818237305, 50.0033073425293]
0066,[184.17897033691406, 103.0243911743164],57.966854095458984,[40.004451751708984, 49.57316207885742]
0067,[191.3932342529297, 99.23675537109375],63.23073959350586,[39.9083366394043, 49.27570343017578]
0068,[197.85183715820312, 96.31232452392578],69.81602478027344,[39.18304443359375, 49.052921295166016]
0069,[202.81272888183594, 94.03136444091797],72.79207611083984,[38.5568733215332, 48.6328010559082]
0070,[206.3895263671875, 92.51171112060547],75.60592651367188,[37.951744079589844, 47.79752731323242]
0071,[208.4999237060547, 91.6416015625],78.1381607055664,[37.134613037109375, 47.272884368896484]
0072,[209.1611785888672, 91.3665771484375],78.59783935546875,[36.680213928222656, 46.569244384765625]
0073,[208.36573791503906, 91.34306335449219],77.52019500732422,[36.01919937133789, 45.708953857421875]
0074,[205.74354553222656, 91.32269287109375],76.00826263427734,[35.1196174621582, 44.7550163269043]
0075,[201.48313903808594, 91.4720458984375],73.10456848144531,[34.164669036865234, 43.87670135498047]
0076,[195.68055725097656, 91.73413848876953],68.81817626953125,[32.85654067993164, 42.66543960571289]
0077,[188.61024475097656, 92.29043579101562],63.59830093383789,[31.420520782470703, 41.44834518432617]
0078,[180.67396545410156, 93.15452575683594],59.43663787841797,[29.814083099365234, 40.129913330078125]
0079,[172.10910034179688, 94.49417877197266],54.07221603393555,[27.914241790771484, 38.92083740234375]
0080,[163.5704345703125, 96.44044494628906],47.657352447509766,[26.01006317138672, 37.6744384765625]
0081,[155.22515869140625, 98.73709869384766],43.36215591430661,[23.532554626464844, 36.84003829956055]
0082,[147.85545349121094, 101.28616333007812],39.55819320678711,[21.761749267578125, 35.197872161865234]
0083,[141.4769744873047, 104.02680969238281],35.24499893188475,[19.55895233154297, 34.44403839111328]
0084,[136.2607421875, 106.82542419433594],32.80390167236328,[18.24433708190918, 33.31950759887695]
0085,[132.29251098632812, 109.50043487548828],30.628112792968764,[16.70232391357422, 32.624717712402344]
0086,[129.34164428710938, 111.73406219482422],27.98272705078125,[15.985555648803711, 31.81570053100586]
0087,[127.02628326416016, 114.4166030883789],27.16346549987793,[15.127019882202148, 31.287099838256836]
0088,[124.8004150390625, 118.2077407836914],24.612926483154297,[14.838325500488281, 30.800521850585938]
0089,[122.6672134399414, 123.07070922851562],21.06531143188478,[14.678812980651855, 30.2465877532959]
0090,[120.86746978759766, 128.2719268798828],19.160900115966797,[14.663576126098633, 30.0341739654541]
0091,[119.4344482421875, 133.84600830078125],16.468395233154297,[14.742475509643555, 30.209714889526367]
0092,[118.30404663085938, 140.1525421142578],12.730587005615234,[14.927563667297363, 29.379077911376953]
0093,[117.57697296142578, 146.31617736816406],10.148611068725586,[14.814029693603516, 29.883512496948242]
0094,[117.23402404785156, 152.44552612304688],6.678112506866469,[15.293610572814941, 29.758012771606445]
0095,[117.12570190429688, 158.16143798828125],3.742936372756958,[15.31527042388916, 30.201562881469727]
0096,[117.27165222167969, 163.07557678222656],0.7480586767196655,[15.210439682006836, 30.474044799804688]
0097,[117.47054290771484, 167.37811279296875],178.38615417480474,[15.509066581726074, 30.51004981994629]
0098,[117.80982971191406, 170.9683380126953],176.8878631591797,[15.98716926574707, 30.043136596679688]
0099,[117.91761016845703, 173.43978881835938],176.23048400878906,[16.194095611572266, 30.007797241210938]
0100,[118.64459228515625, 173.578369140625],174.93447875976562,[16.311948776245117, 29.607107162475586]
0101,[119.50314331054688, 173.49937438964844],174.63768005371094,[16.903100967407227, 30.150859832763672]
0102,[121.03217315673828, 173.3865203857422],176.6343231201172,[17.4880313873291, 30.60808563232422]
0103,[123.4600830078125, 173.0654754638672],174.35377502441406,[18.48999786376953, 30.98070526123047]
0104,[0.0, 0.0],-90.0,[0.0, 0.0]
0105,[129.64710998535156, 172.1695556640625],174.9214630126953,[21.068918228149414, 31.770727157592773]
0106,[133.47509765625, 171.57846069335938],173.359375,[22.16588592529297, 32.160186767578125]
0107,[137.8762664794922, 170.80728149414062],174.7940216064453,[23.82836151123047, 32.63462448120117]
0108,[142.7459716796875, 169.88937377929688],174.8791046142578,[25.138757705688477, 33.387203216552734]
0109,[0.0, 0.0],-90.0,[0.0, 0.0]
0110,[0.0, 0.0],-90.0,[0.0, 0.0]
0111,[0.0, 0.0],-90.0,[0.0, 0.0]
0112,[167.0954132080078, 164.71009826660156],173.37837219238276,[31.62917137145996, 34.97297286987305]
0113,[173.9025421142578, 162.96385192871094],166.86038208007812,[32.90105438232422, 35.375675201416016]
0114,[0.0, 0.0],-90.0,[0.0, 0.0]
0115,[187.44461059570312, 159.54409790039062],159.94383239746097,[35.24184799194336, 36.35407257080078]
0116,[0.0, 0.0],-90.0,[0.0, 0.0]
0117,[0.0, 0.0],-90.0,[0.0, 0.0]
0118,[194.50575256347656, 157.70664978027344],145.93266296386716,[36.987518310546875, 37.431034088134766]
0119,[200.1567840576172, 155.93446350097656],132.14015197753906,[37.54843521118164, 37.917240142822266]
