0020,[176.12883364 143.63526883],21.82553998395714,[37.20710354 41.32093179]
0021,[184.12423677 147.25901766],22.301663863567065,[39.67381754 42.39984349]
0022,[191.716862   150.71147903],24.068083701241612,[41.45555624 43.57152314]
0023,[198.45314541 153.95697065],15.839274883930845,[43.46268761 44.35276432]
0024,[201.77090508 155.48326495],3.2519455896371547,[44.33406359 45.26685323]
0025,[201.96683563 155.43977362],0.15292646259890202,[44.90660439 46.00631511]
0026,[201.99717623 155.33597691],4.7044299325024195,[45.5248255  46.34632312]
0027,[202.01793721 155.40494458],15.059285210438428,[46.30464264 47.11712838]
0028,[201.91259108 155.49516646],6.655460657740865,[47.00898378 47.56652507]
0029,[201.55077327 155.58753169],7.853731757142178,[47.57297904 48.25306809]
0030,[200.85914707 155.85366421],4.290021758357283,[48.29779976 48.47176185]
0031,[199.3702701  156.18584953],-4.22636980168959,[48.30187008 49.36180489]
0032,[197.53764008 156.65942745],6.687022001988322,[48.65067937 50.00451117]
0033,[195.05725705 157.37369134],0.45954672199055724,[48.79122482 50.36009667]
0034,[192.2294348  158.14972767],9.980296943881669,[48.70510977 50.68518872]
0035,[188.80675415 159.08685545],4.039826552953313,[48.77221149 51.09165747]
0036,[185.10775415 160.10431296],3.070391986755137,[48.47648603 51.64089712]
0037,[181.09161149 161.06215747],3.6797343332876173,[47.97670918 51.70648476]
0038,[176.98843814 162.09673785],1.5053586371387482,[47.27004806 52.27499242]
0039,[173.0576078  163.10074092],-0.011292348979839053,[46.92312794 52.16645171]
0040,[169.19638262 163.96311483],0.06326790746961315,[46.31720845 52.38974362]
0041,[165.65244559 164.52662207],-0.06744898873867916,[45.3153101  52.23315565]
0042,[162.14965405 164.42799647],0.5059906634215497,[44.5985822  52.51690824]
0043,[159.50187355 164.25666811],-0.09459221948199614,[43.74222579 52.64925264]
0044,[157.17693531 163.9763811 ],0.9345590445618512,[43.28310289 52.56619204]
0045,[154.74167017 163.35413373],1.8453793637368878,[42.61387342 52.48693489]
0046,[152.5378737  162.70272525],2.7834726778164147,[41.89672327 52.40995044]
0047,[150.34154656 161.73602306],2.0934822326983245,[41.1327362  52.54588637]
0048,[148.21166051 160.47236513],3.9370465863644064,[40.20233588 52.59369446]
0049,[146.35100766 159.1416585 ],4.026618124909432,[39.57139008 52.58830719]
0050,[144.65116915 157.60952544],5.54114096638922,[38.91607392 51.87412522]
0051,[143.06074951 155.69360596],7.5441900092906815,[37.98960153 51.93574337]
0052,[141.86369158 153.80776859],8.533813081550845,[37.37043948 51.70217928]
0053,[140.87170871 151.70856218],9.44927274756607,[36.5150903  51.55259198]
0054,[140.18848024 149.55173409],10.435931259355282,[36.09501364 51.27685984]
0055,[139.63688459 147.28024097],11.210321622425068,[35.78178904 51.04337052]
0056,[139.51791204 144.95431536],12.863022805323913,[35.11484475 50.75680017]
0057,[139.54932479 142.54539445],14.348963521320211,[34.86808997 50.32884819]
0058,[140.25103848 139.89148824],16.553207923697766,[34.57721176 50.01657472]
0059,[142.04843697 136.62285478],18.895153681587484,[34.68860867 49.86330946]
0060,[144.83866772 132.49248514],22.443419497633442,[35.0023907  49.36948145]
0061,[149.04523302 128.01792992],26.057127452208995,[35.9270728  49.19552934]
0062,[154.32580877 122.86359004],29.895072841233663,[36.26930227 49.1377361 ]
0063,[160.92523188 117.58789447],36.15073935792813,[37.07712578 49.10286789]
0064,[168.42282068 112.16377691],42.219712378715805,[37.61625975 48.76131651]
0065,[176.48747088 107.2665996 ],-40.96626761261392,[48.26608124 38.33805956]
0066,[184.29949255 102.72816201],-33.682844549708115,[48.33463472 38.15411557]
0067,[191.53050585  98.97074192],-27.835742273362882,[47.6990038  37.98174742]
0068,[198.02248258  95.97189528],-22.30718667454095,[47.16695062 37.62017781]
0069,[203.05003715  93.76295118],-18.6055394105227,[46.79682104 36.8935386 ]
0070,[206.58733108  92.30159896],-15.993988582843524,[46.06917234 36.02511381]
0071,[208.81937821  91.42546063],-13.871613744412526,[45.60028306 35.47783387]
0072,[209.47326771  91.10091482],-14.28900064217214,[44.49603114 35.05124759]
0073,[208.46864613  91.15029282],-14.78822665930679,[43.84529532 34.48261987]
0074,[205.92356745  91.14386856],-16.660282234959617,[42.8382817  33.42056145]
0075,[201.61053811  91.1827734 ],-19.15577296107714,[42.10916316 32.28820389]
0076,[195.96539412  91.58303165],-22.682328725031724,[41.11893815 31.19989199]
0077,[188.96416551  91.93035754],-27.75585627436416,[39.597467   29.57483482]
0078,[180.89073086  92.92906628],-33.116276283748,[38.62545546 28.03658091]
0079,[172.31341641  94.24057656],-37.977800929659935,[37.47927718 26.22919913]
0080,[163.66204164  96.12520667],-43.02081515388303,[36.30384928 24.11312686]
0081,[155.38098911  98.42598157],42.03006692392427,[21.86777485 35.20586116]
0082,[147.99134412 100.99832861],39.773561102708044,[19.90099379 34.07529098]
0083,[141.53774853 103.88236664],35.78254647676013,[18.08375784 33.00350734]
0084,[136.42505007 106.53183875],32.53795673810381,[16.37202219 31.84649915]
0085,[132.27044816 109.05161975],30.289806790236952,[15.3359673  31.13064468]
0086,[129.39001071 111.36572212],29.321326381373414,[14.39806265 30.69283215]
0087,[126.95644929 114.21736949],27.16259837626857,[13.62847141 30.22787723]
0088,[124.81415413 117.70987088],24.936855969372633,[13.36434429 29.66837512]
0089,[122.81979835 122.4567823 ],22.79536713483259,[13.21051448 29.38786355]
0090,[120.99903026 127.98086917],19.88252179329827,[13.32860437 29.05284852]
0091,[119.44166611 133.71288858],16.243625791848626,[13.29816098 29.20625213]
0092,[118.36850046 139.87260881],13.758770480510677,[13.30176244 28.92205734]
0093,[117.61065135 146.15661278],11.014367471665851,[13.60604275 28.98912995]
0094,[117.26876481 152.13773005],6.458949420841142,[13.70720962 28.83070438]
0095,[117.1142253  157.87832323],4.29319954787656,[13.93394522 28.35387549]
0096,[117.14440091 162.73311118],2.132709013037428,[13.96768118 28.90810251]
0097,[117.42745999 167.19874502],0.1559854097440491,[14.28446573 28.59225833]
0098,[117.77089204 170.64226917],-1.5728126743740705,[14.23666985 29.21358726]
0099,[117.92698998 173.20357097],-3.7646120899347606,[14.34026628 28.96665104]
0100,[118.54821464 173.35134066],-3.738445799191011,[14.56264429 29.20742029]
0101,[119.47529107 173.19905005],-3.1822097951407056,[15.08962218 29.17838259]
0102,[121.15125048 172.98390323],-3.9012121057093525,[15.74254191 29.76690464]
0103,[123.46992783 172.82594786],-3.4429110964576206,[16.76886752 29.80551779]
0104,[126.31683985 172.24146662],-3.622752832635009,[17.77194427 30.44961557]
0105,[129.65979851 171.92701052],-3.476398471845739,[19.01663153 30.65755507]
0106,[133.53168414 171.40690746],-2.9108876161177575,[20.43334605 30.9608736 ]
0107,[137.95760751 170.63532911],-2.5588888843226676,[21.97945033 31.36045304]
0108,[142.90213    169.75111037],-2.08022279422934,[23.5912835 31.5423712]
0109,[148.51913401 168.84739277],-1.0480062590137729,[24.97090955 32.59818446]
0110,[154.38559344 167.53551297],-0.9459664182067303,[26.6761524  32.94317698]
0111,[160.75671128 166.10835195],-3.2577219695503032,[28.2511724  33.44564694]
0112,[167.22411341 164.63007663],-0.9536185234974635,[29.55823161 33.87377126]
0113,[174.02091644 162.98558922],-0.17668113417389636,[30.64529879 34.29250393]
0114,[180.86391241 161.2122246 ],0.38199532537731534,[32.03531834 34.87564689]
0115,[187.7431583  159.42440139],4.065917076934664,[33.49422635 35.2509518 ]
0116,[188.69972747 159.2442673 ],3.7775885193443375,[33.69682573 35.42274642]
0117,[190.98551167 158.46489416],4.7885703930486105,[34.19073586 35.52182955]
0118,[194.73356816 157.47420746],16.705964789051546,[35.0197588  35.83568764]
0119,[200.42920676 155.86567909],11.976199302941978,[35.8397188  36.38965717]
