0000,[136.43550682 102.91196859],42.202509597096196,[29.10286201 34.04967669]
0004,[138.58285963 102.8261094 ],42.84212443130631,[29.40219937 34.36501634]
0008,[144.94712594 102.75596942],-42.81092396616548,[34.3158638  30.07418478]
0012,[153.23325405 102.61661466],-34.46576792229924,[34.1313594  30.79043601]
0016,[159.61340234 102.79596446],-29.410152365542658,[34.37034305 31.11545344]
0020,[161.99765695 102.77358659],-26.384010292539642,[33.93716953 31.01604101]
0024,[162.15468449 100.61809968],-27.669359047683162,[33.53668556 30.35623673]
0028,[162.85707187  94.47461346],-24.661381153733924,[32.87937468 29.15929287]
0032,[163.80584105  86.96728068],-19.06805849371065,[32.22523045 27.82663496]
0036,[164.62397804  81.44238894],-18.37765325000552,[31.77092264 26.67282672]
0040,[164.90557953  79.49046691],-18.187828965115973,[31.62041942 25.97491241]
0044,[163.19061823  79.44881248],-18.14760682847064,[31.25678311 25.83374167]
0048,[157.84712685  79.31013402],-23.258911637047564,[31.16889738 25.31772549]
0052,[150.05810631  79.3628707 ],-27.427259577434636,[31.06786135 24.66530044]
0056,[141.94164804  79.59109741],-34.63092599656251,[31.00976611 24.14444121]
0060,[135.16816033  80.15880511],-37.64932657047838,[31.67016739 23.62785884]
0064,[128.80777824  80.69059489],-41.28357450006543,[32.8895352  23.52967753]
0068,[121.62385581  81.75336042],-44.40233938136741,[34.00708775 23.21652254]
0072,[115.4052438   82.88384203],42.48667038745538,[23.0486205  35.26239079]
0076,[111.60961916  83.65407941],41.10008280175497,[23.13094209 36.92512561]
0080,[110.2524542   83.96253014],39.077181888662516,[23.88782413 38.46160748]
0084,[110.01798412  85.04613507],39.28076950518605,[24.93314857 40.00369551]
0088,[109.13694877  88.56287283],36.37878127462978,[26.24799333 41.61233522]
0092,[107.72679557  94.21384817],33.70207550109609,[27.70945025 42.38332538]
0096,[106.48787202 100.29671656],30.01403218319655,[28.88006314 43.30167531]
0100,[105.54616694 105.67117915],26.828423723574616,[29.89974826 43.67936617]
0104,[104.71599647 111.22740445],23.160490011899984,[30.33877121 43.62310793]
0108,[103.9664665  117.85047497],19.209539801763377,[30.72891657 43.37529781]
0112,[103.49287514 124.21617682],14.482328031975223,[30.69023976 42.51177918]
0116,[103.26071289 128.45598347],11.876262518767357,[30.33564745 41.5135524 ]
0120,[103.20629864 129.98980483],10.942217756314013,[29.24820214 40.07950975]
0124,[104.37712598 129.95516673],11.911348711856103,[28.50801546 38.6693244 ]
0128,[108.28235844 129.77974403],11.9242893323089,[28.53283845 37.13264835]
0132,[114.63876033 129.61514113],13.19333733722433,[28.87620218 35.91507954]
0136,[121.94054805 129.30038701],13.39265858085465,[29.36688099 35.00846303]
0140,[128.55411037 129.13383968],14.480317465698755,[29.44014561 34.32152573]
0144,[135.5540872  129.01105232],17.910566489547094,[30.25441234 33.33010472]
0148,[144.1096725  128.96300322],26.08431073363711,[31.10421636 33.11652497]
0152,[152.28765994 128.98560735],25.583022197390637,[31.85976627 33.49593697]
0156,[157.94652561 128.97479636],24.70341223084964,[32.82437474 34.21145227]
0160,[159.77331688 128.92747785],27.515699302277017,[33.75319728 34.91827933]
0164,[156.49563495 126.49634514],34.882761553560044,[34.78737724 36.11900114]
0168,[147.42369093 119.80863255],33.50577376606836,[34.82302219 37.56984024]
0172,[136.38697705 111.36891738],36.68843640413982,[33.93827733 39.13956438]
0176,[128.32503321 105.2846301 ],36.303864268125054,[33.16836755 40.53288617]
0180,[125.74159247 103.29338888],35.40426448970796,[33.87980792 42.42254348]
0184,[126.03311853 103.20893136],35.66363618990309,[35.33596108 44.20087039]
0188,[127.15548115 103.06850725],36.32513389237309,[36.74965697 45.7217793 ]
0192,[129.35952167 102.92987483],37.295692838682925,[38.2281074  46.87154189]
0196,[132.64011296 102.7489422 ],38.86954689332694,[39.27315128 47.70466038]
0200,[136.62752914 102.52648399],42.38127036076741,[40.49103758 48.00791026]
0204,[142.00933023 104.36439028],43.534492646970165,[41.96790743 48.07559764]
0208,[149.54712125 110.32873724],-44.241940111859535,[48.04661778 43.84851227]
0212,[158.36255337 119.32836491],-41.2600971259841,[47.48637059 45.48312741]
0216,[166.63053375 128.92524021],32.63343093856885,[46.04146202 46.89442798]
0220,[172.36526473 136.06673343],27.505377055873726,[45.10229054 45.79069157]
0224,[174.84093085 139.17979736],30.877220880196123,[43.85065055 44.3462673 ]
0228,[172.2611818  137.27902457],12.942225183056133,[41.83775511 42.71941383]
0232,[159.8973369 127.4056894],34.199888232181834,[39.30040291 40.59280303]
0236,[140.24788072 111.63201869],38.47387249885076,[33.97865222 38.39146534]
0240,[121.08844551  96.11863848],38.79927949865992,[27.41164748 36.2235194 ]
0244,[109.35489326  86.37616187],38.204792219059414,[21.89006645 34.70738054]
0248,[104.63744828  82.43189505],37.999727580415744,[19.13469481 33.76531086]
0252,[104.55988832  81.88695634],38.344197686289895,[19.02661214 33.91326593]
0256,[108.93574058  80.87082934],40.717817389293245,[20.23507287 34.16279586]
0260,[118.10371693  79.51379589],44.65699806818541,[22.86384465 35.16841904]
0264,[130.72954587  79.11159124],-39.42149435819311,[36.47066718 26.28154538]
0268,[143.33407619  80.39033646],-33.93078559898521,[37.95799765 29.36891592]
0272,[151.22461349  83.16585482],-28.70801544594394,[39.2866989  32.00778606]
0276,[152.49486105  86.58920017],-28.6802098714799,[40.81604209 34.00577482]
0280,[149.91380199  91.78865676],-32.983910340360346,[42.14155067 35.6518123 ]
0284,[144.61445736  99.18394619],-41.15626316180389,[43.28750967 37.25993709]
0288,[136.589608   107.61195124],40.08841183066927,[37.90698818 44.06774195]
0292,[127.13158912 115.39082716],27.32654705379951,[37.32824199 44.70006383]
0296,[117.75992801 120.66511568],20.68882183473348,[35.9518397  44.72486466]
0300,[109.55849195 122.80900712],16.463803749231673,[33.78502848 44.39268538]
0304,[101.11347204 121.28270742],16.010492371538856,[30.36110481 43.71784507]
0308,[ 92.38002912 116.43706451],17.41951254709962,[25.81862176 42.42793472]
0312,[ 85.86387288 110.3692868 ],19.508003643345113,[21.27356455 40.7257561 ]
0316,[ 82.36818053 105.07963506],21.52931976409995,[17.60457638 38.807825  ]
0320,[ 80.95973125 101.74362209],22.544237551351287,[15.53552089 37.02614869]
0324,[ 80.75275692 100.43856314],23.570260364146424,[14.57593265 35.54426745]
0328,[ 82.80784452 100.50969906],24.128065300492004,[15.24574031 34.04070343]
0332,[ 92.56608296 101.2727347 ],25.383722611736456,[19.07697908 34.16201164]
0336,[117.45256881 105.70455339],30.966031923678408,[26.34200363 34.0450085 ]
0340,[156.86782983 115.41724784],-44.7826816763328,[34.02498941 32.39797427]
0344,[189.43134381 125.51171386],7.408732501657601,[34.15745411 33.64905103]
0348,[204.76582828 130.68843203],37.002663701990926,[33.64980957 33.21041911]
0352,[206.03777904 130.84754999],-38.71930694284084,[33.06369189 34.03516939]
0356,[201.12807684 126.93531043],39.47494636848995,[34.04091272 33.05007351]
0360,[190.98290963 118.7271904 ],9.830035588491855,[34.04247179 33.00881936]
0364,[176.79556976 108.04290327],-11.845860174370225,[33.95547869 32.11657797]
0368,[162.95689908  98.08125847],-24.100884348122566,[33.57015081 30.46634175]
0372,[154.26100233  92.10864648],-30.69465129087523,[33.64471926 29.05872497]
0376,[152.26102838  90.78259751],-32.251657854404115,[33.91262773 28.83052449]
0380,[152.30283336  90.78556294],-32.260136325248496,[34.03997931 29.1253376 ]
0384,[152.29157668  90.7512931 ],-30.56850704464691,[34.5479286  29.33844803]
0388,[152.2811978   90.83454666],-31.769408503061417,[34.70230369 29.51447799]
0392,[152.30663725  90.74958562],-31.576616368105622,[34.96110436 29.6876942 ]
0396,[152.26035888  90.72256977],-31.761034075233585,[35.09408233 29.79151835]
