0000,[136.34396362304688, 103.15620422363281],40.708518981933594,[29.846595764160156, 34.608585357666016]
0020,[161.9084014892578, 103.03639221191406],65.2116928100586,[33.00169372558594, 35.07668685913086]
0040,[164.9053192138672, 79.71585083007812],74.43598175048831,[28.773897171020508, 34.6331901550293]
0060,[135.16323852539062, 80.25814056396484],52.794319152832,[25.51483154296875, 33.85906982421875]
0080,[110.13526153564453, 84.3006362915039],38.653472900390625,[20.908658981323242, 32.82893371582031]
0100,[105.19818115234375, 106.29208374023438],25.38387107849121,[23.76613426208496, 33.34741973876953]
0120,[103.00874328613281, 130.36500549316406],8.272170066833496,[25.336097717285156, 33.774539947509766]
0140,[128.5988006591797, 129.34727478027344],12.347468376159654,[30.84625816345215, 35.15929412841797]
0160,[159.6536865234375, 128.9812774658203],131.47976684570312,[35.14994812011719, 35.343448638916016]
0180,[125.47514343261719, 103.91168212890625],33.88468170166014,[27.942829132080078, 34.248653411865234]
0200,[136.34396362304688, 103.15620422363281],40.708518981933594,[29.846595764160156, 34.608585357666016]
