0000,[136.35890197753906, 103.23735046386719],41.028926849365234,[30.045772552490234, 34.660850524902344]
0004,[138.66018676757812, 103.01994323730469],42.593875885009766,[30.354747772216797, 34.53859329223633]
0008,[144.7960205078125, 102.94803619384766],46.951663970947266,[30.9937801361084, 34.654502868652344]
0012,[153.03042602539062, 102.91495513916016],58.95585250854492,[31.613170623779297, 34.81276321411133]
0016,[159.55735778808594, 102.94558715820312],60.235599517822266,[32.0843391418457, 34.369075775146484]
0020,[161.75787353515625, 103.14127349853516],65.91886138916016,[31.892677307128906, 34.157108306884766]
0024,[162.04196166992188, 100.87711334228516],64.66571807861331,[31.535409927368164, 33.847843170166016]
0028,[0.0, 0.0],-90.0,[0.0, 0.0]
0032,[163.71812438964844, 87.311767578125],73.09001922607419,[28.612407684326172, 32.49306869506836]
0036,[164.54168701171875, 81.69037628173828],74.68413543701172,[27.267898559570312, 32.140472412109375]
0040,[164.8246307373047, 79.74800109863281],74.82514953613281,[26.838375091552734, 31.80487823486328]
0044,[163.06268310546875, 79.69573974609375],73.25106048583984,[26.413888931274414, 31.924448013305664]
0048,[157.79737854003906, 79.61994171142578],68.29415893554688,[26.12047004699707, 31.48321533203125]
0052,[149.92404174804688, 79.58280181884766],62.83545684814453,[25.467924118041992, 31.428272247314453]
0056,[141.7024383544922, 79.9178237915039],59.57378387451172,[24.80341339111328, 31.50282096862793]
0060,[135.03262329101562, 80.2780532836914],52.4201774597168,[24.421754837036133, 32.19414138793945]
0064,[128.7015838623047, 80.91329193115234],49.06578826904297,[24.201704025268555, 33.15016555786133]
0068,[121.53410339355469, 82.03787231445312],45.18091583251953,[23.93794822692871, 34.0228157043457]
0072,[115.38890075683594, 82.97860717773438],41.935176849365234,[23.733678817749023, 35.311439514160156]
0076,[111.44403839111328, 83.95653533935547],38.64998626708987,[23.798227310180664, 36.87893295288086]
0080,[110.23771667480469, 84.10088348388672],38.85167312622073,[24.612459182739258, 38.36380386352539]
0084,[109.9107894897461, 85.27957916259766],38.12798309326172,[25.651012420654297, 40.1211051940918]
0088,[108.99760437011719, 88.68816375732422],35.916130065917955,[26.838909149169922, 41.34816360473633]
0092,[107.64585876464844, 94.3442611694336],32.58577728271486,[28.405773162841797, 42.698760986328125]
0096,[106.39103698730469, 100.38286590576172],28.60306739807129,[29.6953125, 43.77629470825195]
0100,[105.43748474121094, 106.43624114990234],29.32425880432129,[30.330961227416992, 42.750736236572266]
0104,[0.0, 0.0],-90.0,[0.0, 0.0]
0108,[0.0, 0.0],-90.0,[0.0, 0.0]
0112,[0.0, 0.0],-90.0,[0.0, 0.0]
0116,[0.0, 0.0],-90.0,[0.0, 0.0]
0120,[0.0, 0.0],-90.0,[0.0, 0.0]
0124,[104.5193862915039, 134.24365234375],57.667110443115234,[27.275461196899414, 31.57501983642578]
0128,[108.31472778320312, 129.82798767089844],10.821216583251953,[29.1627254486084, 37.546939849853516]
0132,[114.60701751708984, 129.82412719726562],10.10564136505127,[29.651554107666016, 36.28588104248047]
0136,[122.01580810546875, 129.5960235595703],11.603425979614258,[30.25115203857422, 35.439247131347656]
0140,[128.57078552246094, 129.3603515625],11.816722869873047,[30.719999313354492, 34.44951248168945]
0144,[135.37161254882812, 129.16970825195312],19.6234188079834,[30.9777889251709, 33.75852584838867]
0148,[143.99468994140625, 128.92391967773438],36.19287872314453,[31.948781967163086, 33.144126892089844]
0152,[152.2566680908203, 129.11135864257812],7.5346322059631206,[32.77423858642578, 33.66135787963867]
0156,[157.82997131347656, 129.01678466796875],170.2796630859375,[33.79907989501953, 33.959171295166016]
0160,[159.74874877929688, 128.9576416015625],83.9177322387695,[34.483272552490234, 35.13174057006836]
0164,[156.40403747558594, 126.65977478027344],34.08551025390625,[35.701820373535156, 36.30699920654297]
0168,[147.3291473388672, 119.86639404296875],32.814048767089844,[35.662479400634766, 37.880775451660156]
0172,[136.32162475585938, 111.8038101196289],33.89495849609375,[34.833683013916016, 39.485843658447266]
0176,[128.27456665039062, 105.65699768066406],33.18607711791992,[34.11008834838867, 41.07904052734375]
0180,[125.71709442138672, 103.60294342041016],34.20294189453125,[34.69017028808594, 42.66778564453125]
0184,[125.95960235595703, 103.55448913574219],35.11450958251952,[36.13140869140625, 44.28769302368164]
0188,[127.13341522216797, 103.40776062011719],35.287193298339844,[37.40745544433594, 45.87726593017578]
0192,[129.3075408935547, 103.19995880126953],36.64239501953125,[38.870460510253906, 47.11783981323242]
0196,[132.61412048339844, 103.00682067871094],39.54076004028323,[40.06221389770508, 47.793357849121094]
0200,[136.583251953125, 102.78780364990234],41.20274353027344,[41.13535690307617, 48.36483383178711]
0204,[141.96475219726562, 104.58383178710938],43.02852249145508,[42.483577728271484, 48.2673225402832]
0208,[149.435546875, 110.46265411376953],43.85179901123047,[44.42711639404297, 48.269954681396484]
0212,[158.329833984375, 119.54131317138672],45.79222106933594,[46.06657028198242, 47.93948745727539]
0216,[0.0, 0.0],-90.0,[0.0, 0.0]
0220,[0.0, 0.0],-90.0,[0.0, 0.0]
0224,[191.30201721191406, 139.27415466308594],86.30025482177734,[51.186241149902344, 78.49198913574219]
0228,[205.8831787109375, 163.75552368164062],88.07061004638672,[8.431914329528809, 15.8032808303833]
0232,[104.36011505126953, 152.43804931640625],86.26216888427734,[9.576447486877441, 19.9874267578125]
0236,[0.0, 0.0],-90.0,[0.0, 0.0]
0240,[121.09768676757812, 96.37345886230469],37.822422027587876,[28.07437515258789, 36.43011474609375]
0244,[109.2992172241211, 86.59626770019531],37.49147415161133,[22.314889907836914, 34.99980545043945]
0248,[104.41462707519531, 82.62618255615234],36.948562622070284,[19.957548141479492, 33.73337173461914]
0252,[104.46821594238281, 82.02880859375],37.91869354248047,[19.78725814819336, 33.35796356201172]
0256,[108.85810852050781, 81.07131958007812],39.85385513305664,[20.849422454833984, 34.6298942565918]
0260,[118.03221130371094, 79.80380249023438],44.65537643432617,[23.481592178344727, 35.44515609741211]
0264,[130.67945861816406, 79.24472045898438],50.7264289855957,[26.79180145263672, 36.96403884887695]
0268,[143.19691467285156, 80.73310852050781],58.18327331542969,[30.028024673461914, 38.27625274658203]
0272,[151.1169891357422, 83.37428283691406],63.245033264160185,[32.568973541259766, 39.88139724731445]
0276,[152.49461364746094, 86.85857391357422],61.13448715209961,[34.65776443481445, 41.10022735595703]
0280,[150.01248168945312, 92.08618927001953],56.734676361083956,[36.38669204711914, 42.311805725097656]
0284,[144.48748779296875, 99.41056060791016],47.80618667602542,[37.92003631591797, 43.54236602783203]
0288,[136.50201416015625, 107.98469543457031],36.90500259399414,[38.79447937011719, 44.37445068359375]
0292,[127.13166046142578, 115.64434051513672],26.54845237731935,[38.3701057434082, 44.7329216003418]
0296,[117.81502532958984, 120.90168762207031],18.03890991210936,[36.542510986328125, 45.081214904785156]
0300,[109.50666046142578, 123.0107192993164],15.957808494567871,[34.37478256225586, 44.847774505615234]
0304,[100.98918151855469, 121.46035766601562],15.08987712860106,[31.036178588867188, 43.97810363769531]
0308,[92.36347961425781, 116.4190902709961],15.057981491088881,[26.309589385986328, 42.81340026855469]
0312,[85.57720184326172, 109.52992248535156],15.771077156066909,[22.859573364257812, 42.016780853271484]
0316,[0.0, 0.0],-90.0,[0.0, 0.0]
0320,[0.0, 0.0],-90.0,[0.0, 0.0]
0324,[97.39427185058594, 47.41719055175781],134.12887573242188,[9.279777526855469, 12.873865127563477]
0328,[0.0, 0.0],-90.0,[0.0, 0.0]
0332,[92.53419494628906, 101.45232391357422],25.198196411132827,[19.851192474365234, 34.23103713989258]
0336,[117.4381332397461, 105.94246673583984],30.281164169311523,[27.009614944458008, 34.4829216003418]
0340,[156.6497039794922, 115.79547882080078],39.498497009277344,[33.49773025512695, 34.72719955444336]
0344,[189.42071533203125, 125.88550567626953],120.6035461425781,[34.054508209228516, 35.19080352783203]
0348,[204.74900817871094, 130.8329620361328],138.95108032226562,[33.42778396606445, 34.89274215698242]
0352,[205.8310089111328, 130.94888305664062],135.27064514160156,[33.45925521850586, 34.4620246887207]
0356,[0.0, 0.0],-90.0,[0.0, 0.0]
0360,[0.0, 0.0],-90.0,[0.0, 0.0]
0364,[228.2857666015625, 125.67830657958984],104.20113372802737,[8.148577690124512, 21.116846084594727]
0368,[162.87213134765625, 98.37054443359375],69.63826751708984,[31.154401779174805, 34.24617385864258]
0372,[154.1886749267578, 92.28279113769531],60.15522384643555,[29.823638916015625, 33.884525299072266]
0376,[152.2462921142578, 90.9274673461914],61.9486274719238,[29.656906127929688, 34.17637252807617]
0380,[152.25111389160156, 90.95806121826172],60.45144271850586,[29.893367767333984, 34.5065803527832]
0384,[152.17654418945312, 90.97224426269531],59.06969451904297,[30.144672393798828, 34.98283767700195]
0388,[152.13404846191406, 90.96795654296875],60.11940002441406,[30.45108985900879, 35.09468078613281]
0392,[152.21365356445312, 90.98760986328125],60.49200439453128,[30.61058807373047, 35.16297149658203]
0396,[152.16683959960938, 91.0149917602539],59.959644317626925,[30.696247100830078, 35.26438522338867]
