0000,[136.34396362304688, 103.15620422363281],40.708518981933594,[29.846595764160156, 34.608585357666016]
0020,[161.9084014892578, 103.03639221191406],65.2116928100586,[33.00169372558594, 35.07668685913086]
0040,[164.9053192138672, 79.71585083007812],74.43598175048831,[28.773897171020508, 34.6331901550293]
0060,[135.18621826171875, 80.26531219482422],52.50239944458005,[25.470956802368164, 33.86106872558594]
0080,[110.1064453125, 84.3196029663086],38.89299774169922,[20.93709373474121, 32.80262756347656]
0100,[105.18986511230469, 106.27227020263672],25.532018661499023,[23.82309913635254, 33.26688766479492]
0120,[103.03954315185547, 130.32986450195312],7.861902713775635,[25.36334228515625, 33.75929260253906]
0140,[128.58340454101562, 129.25938415527344],14.095122337341309,[30.95526695251465, 34.880401611328125]
0160,[159.62298583984375, 128.9664764404297],141.52908325195312,[35.21024703979492, 35.223663330078125]
0180,[125.4664077758789, 103.89004516601562],33.50739669799806,[27.983449935913086, 34.25063705444336]
