0000,[136.43550682 102.91196859],42.202509597096196,[29.10286201 34.04967669]
0020,[161.9252037  102.82437038],-26.748087400971745,[34.94723084 31.89302086]
0040,[164.86588059  79.46223154],-17.74353773167002,[34.32763338 28.31088974]
0060,[135.11582003  80.09944815],-37.40788829025383,[33.31139598 24.93717067]
0080,[110.23528699  84.1098252 ],39.258575473147225,[20.31840158 32.77159167]
0100,[105.23043157 105.94494647],27.04491759871287,[23.00623475 33.18560048]
0120,[103.13544256 130.13460693],9.78653922581068,[24.67766337 33.78684373]
0140,[128.64354537 129.13378639],16.764518688531435,[30.12507832 34.72729043]
0160,[159.81050644 128.8282175 ],32.598338882632994,[34.19985662 35.29080457]
0180,[125.59482304 103.51320136],34.40047875043866,[27.24204489 34.05546918]
