0000,(0.43984529068704337, 0.5027812990507659),(0.4398690353137913, 0.5068768804254074),(0.43985969653318735, 0.506883024128749),(0.43988288471942116, 0.5109750003304583)
0004,(0.41770995095177543, 0.5026846781139338),(0.4177065759872871, 0.5067302189039888),(0.4185726095658455, 0.5063475628484078),(0.41857034653130576, 0.5103924982360137)
0008,(0.35817493854253213, 0.5015200116540508),(0.35805419489108736, 0.50539638120586),(0.3572640573060606, 0.5036048371030286),(0.3571418872310832, 0.507478011526062)
0012,(0.283842444856349, 0.4991886302988151),(0.2834680011594477, 0.5027672299015455),(0.2820806037790118, 0.5033113411092511),(0.28170407458354463, 0.5068861884452898)
0016,(3.2379892555860277, 3.499580373741411),(3.2413236086421, 3.489658446636769),(0.22755109882002422, 0.5016138641711376),(0.2268946449031417, 0.5048934377507377)
0020,(0.2094845383675783, 0.4988707524224323),(0.20870790595146405, 0.5020277155806676),(0.2080395142304714, 0.5025527477424998),(0.20726323316913442, 0.5057106070495376)
0024,(3.2379892555860277, 3.499580373741411),(3.2413236086421, 3.489658446636769),(0.2077894787589063, 0.5293568909716477),(0.20708710337471636, 0.5325841238781237)
0028,(3.2379892555860277, 3.499580373741411),(3.2413236086421, 3.489658446636769),(0.20572891963048034, 0.6087069192632379),(0.20527155319152834, 0.6120787982412419)
0032,(3.2379892555860277, 3.499580373741411),(3.2413236086421, 3.489658446636769),(0.20382015647123497, 0.7115249745688361),(0.2037626298105648, 0.7149999022766229)
0036,(0.20319952339871383, 0.7896665705525616),(0.20350709679516754, 0.7931745928259),(0.2022487790866503, 0.7913788711599188),(0.2025650160293666, 0.7948888693111495)
0040,(3.2379892555860277, 3.499580373741411),(3.2413236086421, 3.489658446636769),(0.20192466118696428, 0.8204402513468025),(0.2023908958694527, 0.8239561167147649)
0044,(0.21784878159539023, 0.8164426765137154),(0.2182814681216838, 0.8199191337111658),(0.21761016721880422, 0.8205297710031245),(0.21806301925112148, 0.824005448596969)
0048,(0.2691318355174914, 0.8182827543715008),(0.2695162625452525, 0.8216338732504145),(0.26783178634284877, 0.8220071187783571),(0.2682319671059483, 0.8253549330866834)
0052,(0.3445169810521498, 0.8200431383712743),(0.34479363651911665, 0.823223617711812),(0.3441618442427772, 0.8232358237683406),(0.3444465488314963, 0.8264058476500766)
0056,(0.42907585957886774, 0.8222803395892022),(0.42920591437675926, 0.8253010467711204),(0.42764847371046244, 0.825550554897371),(0.42778467090278216, 0.8285568039124946)
0060,(0.5001916086304821, 0.8235100969809617),(0.5001869373343912, 0.8264327763255155),(0.4996419044414515, 0.8246110625113023),(0.4996385119440552, 0.8275275611487749)
0064,(0.5698266674072436, 0.822161972521078),(0.5696864472559886, 0.8250366567346048),(0.5698136451542517, 0.8260189196797945),(0.5696717139344236, 0.828866989907366)
0068,(0.650962268792644, 0.8189817370894126),(0.6506632397543202, 0.8218497847673998),(0.6506663891937139, 0.8231916985428804),(0.6503639560087573, 0.8260285286210904)
0072,(0.7220275846259554, 0.8171557379563787),(0.7215833725033434, 0.8200363816336567),(0.7224257305197881, 0.8196543960690357),(0.7219777404818555, 0.8225160841212196)
0076,(3.2379892555860277, 3.499580373741411),(3.2413236086421, 3.489658446636769),(0.7670655068258228, 0.8171911964700866),(0.766522799276975, 0.8200786573156997)
0080,(0.7840585105814721, 0.8137926248993448),(0.783481351333736, 0.8167093713895284),(0.7831194875759158, 0.8159694435981157),(0.7825418761963219, 0.8188696034991989)
0084,(0.7825683189187123, 0.7981722128814088),(0.7820127186690289, 0.8012034768003855),(0.7824647937654592, 0.8001027476578115),(0.7819072426788951, 0.8031200558457683)
0088,(3.2379892555860277, 3.499580373741411),(3.2413236086421, 3.489658446636769),(0.7822098437786109, 0.7495515345167054),(0.7817047779939454, 0.752908746337877)
0092,(0.7835136644400675, 0.6682098121819919),(0.783060853561826, 0.6719956992809524),(0.782885126833134, 0.6702957004979515),(0.7824330608871279, 0.6740727876323769)
0096,(0.7825856246321472, 0.5857667540327993),(0.7821483718329014, 0.5898207989971602),(0.7817842037654656, 0.5870285176158043),(0.7813496242503029, 0.5910806488100915)
0100,(0.7806899164923451, 0.5055808376425381),(0.7802219173996321, 0.5097160993670806),(0.7804073367126985, 0.5154632606054392),(0.779947842368792, 0.5195996851174687)
0104,(3.2379892555860277, 3.499580373741411),(3.2413236086421, 3.489658446636769),(0.77873873939395, 0.44350718501106434),(0.7782115599809625, 0.4475711505516795)
0108,(1.710884205601906, 0.5997133400527357),(1.7025658393997665, 0.5981137860189889),(0.7758942915575529, 0.3604220354390524),(0.7752331164636479, 0.3641875705395554)
0112,(3.2379892555860277, 3.499580373741411),(3.2413236086421, 3.489658446636769),(0.7723615354624818, 0.2834627243881922),(0.7715198404485766, 0.2867257807177086)
0116,(3.2379892555860277, 3.499580373741411),(3.2413236086421, 3.489658446636769),(0.7702293800253843, 0.23392642714911904),(0.7692378578712991, 0.2367369624372364)
0120,(3.2379892555860277, 3.499580373741411),(3.2413236086421, 3.489658446636769),(0.7693471145692103, 0.21633861164589097),(0.7682968381249493, 0.21896312639842286)
0124,(0.7506907978392878, 0.16694897319855495),(0.7495796482620647, 0.16907078810420528),(0.755378470335808, 0.21549761689316815),(0.7544210698325171, 0.21818753421372206)
0128,(0.7086355944301057, 0.21201139211498732),(0.7079616908432131, 0.2148866890069765),(0.7096696686396209, 0.2136642858137825),(0.7089945704414946, 0.21655258565803281)
0132,(0.6375553158659182, 0.20817345057596892),(0.6372376956519825, 0.2112632672734669),(0.6378915686144522, 0.21030717021933865),(0.6375767561742927, 0.21341707013964317)
0136,(0.5585550010535285, 0.2061194087442315),(0.558510329722361, 0.2093360753953275),(0.559687241572091, 0.20933189073170366),(0.5596431343550128, 0.21257698257408175)
0140,(0.4923742419480521, 0.20530443459660397),(0.4924399515530573, 0.20851057223078295),(0.49260961581554996, 0.20859086961938678),(0.49267651034609106, 0.2118260459561112)
0144,(0.42660738697962586, 0.20608354852060473),(0.4266576685040424, 0.2091607527828807),(0.4255727563568228, 0.20876419192171558),(0.4256214868876653, 0.21186112018643288)
0148,(0.34928397182089954, 0.20823721928855798),(0.3491240542275924, 0.21097021108155056),(0.3492037811128661, 0.21011442065840402),(0.349042927213969, 0.21286346303820336)
0152,(0.2824481228682689, 0.21160429642800338),(0.2818988498110473, 0.21383172898897063),(0.28198834030950337, 0.21301314225585433),(0.28143543394996673, 0.21524949096450285)
0156,(0.2398369912209608, 0.21522345884276062),(0.23891323016148958, 0.2170069942176054),(0.23878687915667074, 0.2165846582039208),(0.23785284886765234, 0.21836891295452032)
0160,(0.226364800913486, 0.21682935957902294),(0.2252985282953497, 0.2184511760826764),(0.22539751823654885, 0.2183760264456529),(0.22432127709104188, 0.2200010462966091)
0164,(0.24963236550422563, 0.2372695999705372),(0.24881036152933778, 0.23938644322932734),(0.24881938006369042, 0.23936159336305285),(0.24799055316798313, 0.24148812380627915)
0168,(0.3225893168114764, 0.3030362165769134),(0.32228718080258245, 0.30626048920863713),(0.32240687042010663, 0.3046480654297328),(0.32210384828019833, 0.30787975752758)
0172,(0.4301909814589062, 0.3990884066597964),(0.4302193732648023, 0.4031201285704016),(0.42953635868084916, 0.4027609783441184),(0.4295630696024486, 0.4067970129277232)
0176,(0.5203970039587724, 0.48009935879503196),(0.5204599915176908, 0.48434405352718124),(0.519866092526772, 0.4844091201948677),(0.5199278414955613, 0.4886505288852572)
0180,(0.551117224671168, 0.50812427860613),(0.5511572048319318, 0.5123724986678055),(0.5510337430375363, 0.5130716304951506),(0.5510719938268736, 0.5173132555039768)
0184,(0.5481468693496367, 0.5097011801092617),(0.5481881932392678, 0.5139450295064241),(0.5480250440207715, 0.5138003911315949),(0.5480649486687974, 0.5180386108557062)
0188,(0.535501978078528, 0.5099013349521222),(0.5355499574865585, 0.5141338066149017),(0.5361587911275794, 0.514236016183226),(0.536204888128951, 0.5184632293047358)
0192,(0.513132922927082, 0.5098171174225676),(0.5131872584854436, 0.5140256554116456),(0.5128728807731426, 0.5134605547378266),(0.5129259727118698, 0.5176639639318978)
0196,(0.4784091695192738, 0.5080559310932027),(0.47845930649986723, 0.5122178902324606),(0.47882490528363286, 0.5123524545573424),(0.478874000509137, 0.5165099431049616)
0200,(0.4378271129637952, 0.5079144266453752),(0.43784806721932235, 0.5120011693082025),(0.4385009763061305, 0.5116472225032229),(0.4385221596954487, 0.5157317200851876)
0204,(0.3828813232584789, 0.48175344540380305),(0.3828139084007671, 0.48570985541500367),(0.38323200704533145, 0.4848764833890007),(0.3831658461304914, 0.48883401858623365)
0208,(0.30927269069605634, 0.4087901099118434),(0.3089326341751151, 0.4123414402490444),(0.30864372888466063, 0.4106705015523904),(0.30830172727987826, 0.41422303562824947)
0212,(0.2333910284651841, 0.31000000618720147),(0.23246631446945099, 0.3125089042428002),(0.2334107983564362, 0.31276668561973575),(0.23248903028420642, 0.3152943223832785)
0216,(3.2379892555860277, 3.499580373741411),(3.2413236086421, 3.489658446636769),(0.1777291344840788, 0.22444580754954702),(0.1760358734558909, 0.2253812304509044)
0220,(3.2379892555860277, 3.499580373741411),(3.2413236086421, 3.489658446636769),(0.14839030594048985, 0.16916040116393094),(0.1460677563428523, 0.16862557856849447)
0224,(3.2379892555860277, 3.499580373741411),(3.2413236086421, 3.489658446636769),(0.13805960718658028, 0.14793571029399533),(0.1354504703146815, 0.1466863315103506)
0228,(1.2032953807990092, 0.3931535328760183),(1.1992802145699442, 0.3943969176430062),(0.15044101892443207, 0.15917393997907903),(0.14813900497607602, 0.15850916216488864)
0232,(3.2379892555860277, 3.499580373741411),(3.2413236086421, 3.489658446636769),(0.22381587640493406, 0.23284860115304706),(0.2227306547188923, 0.23460190406755466)
0236,(3.2379892555860277, 3.499580373741411),(3.2413236086421, 3.489658446636769),(0.39220285693719603, 0.397711464201739),(0.3921552934247581, 0.4016193321270165)
0240,(0.6172917254015493, 0.6113144977952447),(0.6172142651537276, 0.6153427781792313),(0.6179173852114985, 0.6161314469853654),(0.6178361957195371, 0.6201423208961783)
0244,(0.7858161742703575, 0.779454790526225),(0.7852733990425207, 0.7826177616857377),(0.7864630208802312, 0.7817166349014852),(0.7859163614820559, 0.7848642376602584)
0248,(0.8623272230060437, 0.851750718572857),(0.8615163157471195, 0.8543968606761183),(0.8606352032288793, 0.8551045605411705),(0.8598242367392577, 0.8577229521146155)
0252,(0.8644509601939439, 0.8614216805992876),(0.8636224695078989, 0.8639902179694281),(0.8636351112190974, 0.8638248618788138),(0.8628054849339837, 0.8663732241652728)
0256,(0.8106135588717174, 0.8650844489277734),(0.8099089959061445, 0.8676002823052502),(0.8106038400118887, 0.8671244426817943),(0.809896480945576, 0.8696230512281242)
0260,(0.700086052308377, 0.8607675526818837),(0.6996380135691771, 0.863302751076755),(0.7003758832010893, 0.8650496465260131),(0.6999221676789533, 0.8675494986068308)
0264,(0.5515557900606876, 0.8435276575560884),(0.5514453963722268, 0.8462684229013879),(0.5523381852745635, 0.8468715354510286),(0.552225278304824, 0.8495883070885375)
0268,(0.41203888635153607, 0.807626803470757),(0.41218247949447884, 0.8107439905281617),(0.4111355790486044, 0.8123309800141854),(0.41128637097961995, 0.8154272864888612)
0272,(0.32616817805613874, 0.7639035562941645),(0.3263374774969283, 0.7672871204763485),(0.3255700790599172, 0.7665058686108217),(0.3257456573885471, 0.7698828016494872)
0276,(0.3074434606394747, 0.7123549200975554),(0.30749899474342746, 0.7158679310853495),(0.3077003740698432, 0.7168309022876476),(0.30776605376501687, 0.720335007991485)
0280,(0.32436773087637194, 0.6409046915550001),(0.3243060829758413, 0.6445626946523588),(0.3245966556847337, 0.6453104440820729),(0.32454201134644123, 0.6489615239589981)
0284,(0.3650081994009833, 0.5457675121507803),(0.36492380379772005, 0.5496413486455591),(0.3648738350294476, 0.5493417409808317),(0.3647910694822629, 0.553211738753913)
0288,(0.4321218801934452, 0.4436232295798228),(0.43214534655553827, 0.4477102291619841),(0.4319199237901503, 0.4480032584017768),(0.43194238621213144, 0.4520919312653635)
0292,(0.5173924552584497, 0.3582918312199763),(0.5174770265782773, 0.3623979545224634),(0.5181337946414142, 0.36174903076626674),(0.5182180420378955, 0.3658658822215448)
0296,(0.6110325584678611, 0.30501593415925776),(0.6109490219834806, 0.30889459470566893),(0.6120548434115212, 0.30858793301869003),(0.6119717878433977, 0.3124845835031611)
0300,(0.7024444074856455, 0.2894597509533059),(0.70199618736561, 0.29303961409085755),(0.702212488194843, 0.29244668303210064),(0.7017714358932343, 0.2960482190012348)
0304,(3.2379892555860277, 3.499580373741411),(3.2413236086421, 3.489658446636769),(0.8055208778800858, 0.32246922110201215),(0.804593869023521, 0.32588120477147875)
0308,(3.2379892555860277, 3.499580373741411),(3.2413236086421, 3.489658446636769),(0.9252792823418674, 0.4002141667619148),(0.9238225587122184, 0.4035434530697408)
0312,(1.4075078680250364, 1.325504020796953),(1.4047567030994332, 1.3241922606284646),(1.0263927454203254, 0.4981090144036797),(1.0245865344545857, 0.5014094107994791)
0316,(3.2379892555860277, 3.499580373741411),(3.2413236086421, 3.489658446636769),(1.0891505325840511, 0.5836870777691552),(1.0872179938583542, 0.586962633344069)
0320,(1.417469850170496, 1.7561881105536177),(1.4129056428353, 1.7470319860876558),(1.119013449780164, 0.6373837075407263),(1.1170602704119856, 0.6406223913593265)
0324,(1.1256268572527939, 1.481570934368393),(1.1226186609727673, 1.476366933326208),(1.1260242265017169, 0.6576113849409375),(1.1240874946986126, 0.6608375690955233)
0328,(3.2379892555860277, 3.499580373741411),(3.2413236086421, 3.489658446636769),(1.0964396727661723, 0.6496446977839372),(1.094659231428225, 0.6529659792994398)
0332,(0.9597704817681054, 0.6047440955272705),(0.9586369236034584, 0.6084644963972641),(0.9592033380656111, 0.6085095073210751),(0.9580782572866007, 0.6122287043291339)
0336,(0.6384610358917224, 0.49062470807876535),(0.6383924578881146, 0.49491201761969483),(0.6388047832483874, 0.4934311441538435),(0.6387353730009291, 0.49771679049206785)
0340,(0.2465948719378943, 0.3494454606786508),(0.2458221839920216, 0.35231927143432595),(0.24534470760754523, 0.35407778080834906),(0.24456700097620532, 0.35696424694297746)
0344,(0.04308567011393816, 0.28292397630262456),(0.03850111562900027, 0.2811164871027465),(0.0425082523828797, 0.28638545801852255),(0.03793908708122862, 0.2846290279624317)
0348,(-0.01034761377965765, 0.27083915805156544),(-0.017980759744986585, 0.26543179675236384),(-0.010716944136170525, 0.27203147286272866),(-0.018345287203888283, 0.2666455742390985)
0352,(3.2379892555860277, 3.499580373741411),(3.2413236086421, 3.489658446636769),(-0.014535345529590238, 0.27366528738548856),(-0.02244225875720085, 0.26798114118246685)
0356,(3.2379892555860277, 3.499580373741411),(3.2413236086421, 3.489658446636769),(-0.005897266867060491, 0.29604695085822974),(-0.012580946028852402, 0.29202319711857205)
0360,(1.0636524676657635, 0.3187270577663235),(1.0605753465149004, 0.3203803064343447),(0.024864182431549864, 0.3541034790034794),(0.020419566451701066, 0.35303040660083695)
0364,(3.2379892555860277, 3.499580373741411),(3.2413236086421, 3.489658446636769),(0.09844454426821425, 0.449968308693691),(0.09636106406362455, 0.45175809389435506)
0368,(0.20231300722978451, 0.557064135492539),(0.2016641432486561, 0.5603253743684853),(0.20258024473736924, 0.5617666580799727),(0.20194813214138385, 0.5650395426542416)
0372,(0.28398617066112397, 0.6358890340560097),(0.2838457880191907, 0.6394831508260475),(0.2836102584506657, 0.6398096817370198),(0.28347754245734524, 0.6434000570728973)
0376,(0.3038150733546874, 0.6556352713522444),(0.3037494496587225, 0.6592411084700951),(0.303856328299541, 0.6583367014947434),(0.30379598115622874, 0.661938831602987)
0380,(0.3042883958885443, 0.6565624476538856),(0.3042252312785889, 0.6601676450782117),(0.3034605570706361, 0.6582848327841608),(0.3033995557932019, 0.6618865112471157)
0384,(0.30420434919434536, 0.6551187516657413),(0.3041382960204393, 0.65872583997195),(0.30361268965890265, 0.6587586468644346),(0.3035528230127289, 0.6623598619291227)
0388,(0.3044285202574364, 0.6550969186791185),(0.3043627487360201, 0.6587043480203185),(0.30359663638160983, 0.6576178233216763),(0.30353453051572243, 0.6612206145939397)
0392,(0.3042512970408069, 0.6546754262090244),(0.30418446426182966, 0.6582831914486056),(0.3034738855422874, 0.6587781060564692),(0.30341386357460465, 0.6623791110747339)
0396,(0.30402596587275443, 0.6541655096584507),(0.30395783083712136, 0.6577736590949517),(0.3039444687735142, 0.659161711332942),(0.3038858458836291, 0.6627627923308681)
