0 0.442527711391449 0.5074232220649719 142 122 (0.442527711391449,0.5074232220649719,3.406517267227173) (-0.16218984127044678,-0.01571163535118103,3.406517744064331)
4 0.4220540523529053 0.5074232220649719 135 122 (0.4220540523529053,0.5074232220649719,3.406517267227173) (-0.21996761858463287,-0.015711640939116478,3.406517744064331)
8 0.36438602209091187 0.5074232220649719 117 122 (0.36438602209091187,0.5074232220649719,3.406517267227173) (-0.3827098309993744,-0.015711653977632523,3.406517744064331)
12 0.2903406620025635 0.5074232220649719 93 122 (0.2903406620025635,0.5074232220649719,3.406517267227173) (-0.5916697978973389,-0.015711672604084015,3.406517744064331)
16 0.23267260193824768 0.5074232220649719 74 122 (0.23267260193824768,0.5074232220649719,3.406517267227173) (-0.7544119954109192,-0.01571168564260006,3.406517744064331)
20 0.21219892799854279 0.5074232220649719 68 122 (0.21219892799854279,0.5074232220649719,3.406517267227173) (-0.8121898174285889,-0.015711691230535507,3.406517744064331)
24 0.2113487869501114 0.5344080924987793 68 128 (0.2113487869501114,0.5344080924987793,3.396484375) (-0.8121898174285889,-0.07261168956756592,3.396484851837158)
28 0.2089269608259201 0.6112802624702454 67 147 (0.2089269608259201,0.6112802624702454,3.3682243824005127) (-0.8121898174285889,-0.2328815460205078,3.368224859237671)
32 0.20575709640979767 0.7118956446647644 66 171 (0.20575709640979767,0.7118956446647644,3.3319387435913086) (-0.8121897578239441,-0.4386668801307678,3.331939220428467)
36 0.20324012637138367 0.7917878031730652 65 190 (0.20324012637138367,0.7917878031730652,3.3036789894104004) (-0.8121897578239441,-0.5989366769790649,3.3036794662475586)
40 0.2023361325263977 0.820481538772583 65 197 (0.2023361325263977,0.820481538772583,3.2936458587646484) (-0.8121897578239441,-0.6558367013931274,3.2936463356018066)
44 0.21893338859081268 0.820481538772583 70 197 (0.21893338859081268,0.820481538772583,3.2936458587646484) (-0.7669033408164978,-0.6558367013931274,3.2936463356018066)
48 0.26982080936431885 0.820481538772583 86 197 (0.26982080936431885,0.820481538772583,3.2936458587646484) (-0.628054678440094,-0.6558367013931274,3.2936463356018066)
52 0.3462683856487274 0.820481538772583 111 197 (0.3462683856487274,0.820481538772583,3.2936458587646484) (-0.4194639325141907,-0.6558366417884827,3.2936463356018066)
56 0.42742863297462463 0.820481538772583 137 197 (0.42742863297462463,0.820481538772583,3.2936458587646484) (-0.19801440834999084,-0.6558366417884827,3.2936463356018066)
60 0.4955325126647949 0.820481538772583 159 197 (0.4955325126647949,0.820481538772583,3.2936458587646484) (-0.012189778499305248,-0.6558366417884827,3.2936463356018066)
64 0.5636364221572876 0.820481538772583 180 197 (0.5636364221572876,0.820481538772583,3.2936458587646484) (0.17363494634628296,-0.6558366417884827,3.2936463356018066)
68 0.6447966694831848 0.8204814791679382 206 197 (0.6447966694831848,0.8204814791679382,3.2936458587646484) (0.3950844407081604,-0.6558365821838379,3.2936463356018066)
72 0.7212441563606262 0.8204814791679382 231 197 (0.7212441563606262,0.8204814791679382,3.2936458587646484) (0.6036750674247742,-0.6558365821838379,3.2936463356018066)
76 0.7721315622329712 0.8204814791679382 247 197 (0.7721315622329712,0.8204814791679382,3.2936458587646484) (0.7425236105918884,-0.6558365821838379,3.2936463356018066)
80 0.7887288928031921 0.8204814791679382 252 197 (0.7887288928031921,0.8204814791679382,3.2936458587646484) (0.787810206413269,-0.6558365821838379,3.2936463356018066)
84 0.788169801235199 0.8021879196166992 252 193 (0.788169801235199,0.8021879196166992,3.3000354766845703) (0.787810206413269,-0.6196002960205078,3.3000359535217285)
88 0.7864692807197571 0.7465390563011169 252 179 (0.7864692807197571,0.7465390563011169,3.3196253776550293) (0.787810206413269,-0.5084997415542603,3.3196258544921875)
92 0.7839519381523132 0.6641619801521301 251 159 (0.7839519381523132,0.6641619801521301,3.349055290222168) (0.7878101468086243,-0.34159448742866516,3.349055767059326)
96 0.7813273072242737 0.5782765746116638 250 139 (0.7813273072242737,0.5782765746116638,3.3802993297576904) (0.7878101468086243,-0.16440044343471527,3.3802998065948486)
100 0.7791621088981628 0.5074231624603271 249 122 (0.7791621088981628,0.5074231624603271,3.406517267227173) (0.7878101468086243,-0.015711553394794464,3.406517744064331)
104 0.7770299911499023 0.4376521706581116 249 105 (0.7770299911499023,0.4376521706581116,3.4327352046966553) (0.7878101468086243,0.1329771727323532,3.4327356815338135)
108 0.7745311856269836 0.35588452219963074 248 85 (0.7745311856269836,0.35588452219963074,3.463979721069336) (0.7878101468086243,0.3101712763309479,3.463980197906494)
112 0.7722184658050537 0.2802025079727173 247 67 (0.7722184658050537,0.2802025079727173,3.4934096336364746) (0.7878100872039795,0.47707635164260864,3.493410110473633)
116 0.7707004547119141 0.23052766919136047 247 55 (0.7707004547119141,0.23052766919136047,3.5129995346069336) (0.7878100872039795,0.5881769061088562,3.513000011444092)
120 0.7702089548110962 0.21444547176361084 246 51 (0.7702089548110962,0.21444547176361084,3.5193896293640137) (0.7878100872039795,0.6244131922721863,3.519390106201172)
124 0.7546762824058533 0.21444547176361084 241 51 (0.7546762824058533,0.21444547176361084,3.5193896293640137) (0.7425236105918884,0.6244131922721863,3.519390106201172)
128 0.7070529460906982 0.21444550156593323 226 51 (0.7070529460906982,0.21444550156593323,3.5193896293640137) (0.6036749482154846,0.6244131922721863,3.519390106201172)
132 0.6355089545249939 0.21444550156593323 203 51 (0.6355089545249939,0.21444550156593323,3.5193896293640137) (0.39508432149887085,0.6244131326675415,3.519390106201172)
136 0.5595545768737793 0.21444550156593323 179 51 (0.5595545768737793,0.21444550156593323,3.5193893909454346) (0.1736348569393158,0.6244131326675415,3.519390106201172)
140 0.4958190321922302 0.21444553136825562 159 51 (0.4958190321922302,0.21444553136825562,3.5193893909454346) (-0.012189892120659351,0.6244131326675415,3.519390106201172)
144 0.43208348751068115 0.21444553136825562 138 51 (0.43208348751068115,0.21444553136825562,3.5193893909454346) (-0.19801461696624756,0.6244130730628967,3.519390106201172)
148 0.35612910985946655 0.21444553136825562 114 51 (0.35612910985946655,0.21444553136825562,3.5193893909454346) (-0.419464111328125,0.6244130730628967,3.519390106201172)
152 0.2845851480960846 0.21444553136825562 91 51 (0.2845851480960846,0.21444553136825562,3.5193893909454346) (-0.6280547380447388,0.6244130730628967,3.519390106201172)
156 0.23696179687976837 0.214445561170578 76 51 (0.23696179687976837,0.214445561170578,3.5193893909454346) (-0.7669034600257874,0.6244130730628967,3.519390106201172)
160 0.22142912447452545 0.214445561170578 71 51 (0.22142912447452545,0.214445561170578,3.5193893909454346) (-0.8121898770332336,0.6244130730628967,3.519390106201172)
164 0.24967887997627258 0.23972484469413757 80 58 (0.24967887997627258,0.23972484469413757,3.5093560218811035) (-0.7277454137802124,0.5675130486488342,3.5093564987182617)
168 0.330125093460083 0.3117121458053589 106 75 (0.330125093460083,0.3117121458053589,3.481096029281616) (-0.48989132046699524,0.4072433114051819,3.4810967445373535)
172 0.4353528916835785 0.40587520599365234 139 97 (0.4353528916835785,0.40587520599365234,3.444810152053833) (-0.18448840081691742,0.2014581859111786,3.444810628890991)
176 0.5188547372817993 0.4805968701839447 166 115 (0.5188547372817993,0.4805968701839447,3.4165501594543457) (0.05336570367217064,0.041188377887010574,3.416550874710083)
180 0.5488333106040955 0.5074232220649719 176 122 (0.5488333106040955,0.5074232220649719,3.406517267227173) (0.13781017065048218,-0.01571160927414894,3.406517744064331)
184 0.5459079742431641 0.5074232220649719 175 122 (0.5459079742431641,0.5074232220649719,3.406517267227173) (0.12955468893051147,-0.01571161113679409,3.406517744064331)
188 0.5348158478736877 0.5074232220649719 171 122 (0.5348158478736877,0.5074232220649719,3.406517267227173) (0.09825208783149719,-0.01571161299943924,3.406517744064331)
192 0.5129164457321167 0.5074232220649719 164 122 (0.5129164457321167,0.5074232220649719,3.406517267227173) (0.036450862884521484,-0.015711618587374687,3.406517744064331)
196 0.4809570014476776 0.5074232220649719 154 122 (0.4809570014476776,0.5074232220649719,3.406517267227173) (-0.05374036729335785,-0.015711626037955284,3.406517744064331)
200 0.442527711391449 0.5074232220649719 142 122 (0.442527711391449,0.5074232220649719,3.406517267227173) (-0.16218984127044678,-0.01571163535118103,3.406517744064331)
204 0.39026710391044617 0.4832647144794464 125 116 (0.39026710391044617,0.4832647144794464,3.4155497550964355) (-0.3104931116104126,0.03551473096013069,3.415550470352173)
208 0.31761035323143005 0.41332000494003296 102 99 (0.31761035323143005,0.41332000494003296,3.4419736862182617) (-0.520070493221283,0.18537110090255737,3.44197416305542)
212 0.23576828837394714 0.3128526508808136 75 75 (0.23576828837394714,0.3128526508808136,3.480651617050171) (-0.7619035840034485,0.40472498536109924,3.480652093887329)
216 0.16211602091789246 0.21071872115135193 52 51 (0.16211602091789246,0.21071872115135193,3.5208723545074463) (-0.9855358004570007,0.632828950881958,3.5208730697631836)
220 0.11158179491758347 0.13552099466323853 36 33 (0.11158179491758347,0.13552099466323853,3.5510849952697754) (-1.1426550149917603,0.804172694683075,3.5510854721069336)
224 0.09014468640089035 0.10222111642360687 29 25 (0.09014468640089035,0.10222111642360687,3.5646302700042725) (-1.2103183269500732,0.88099205493927,3.5646307468414307)
228 0.11318663507699966 0.12410323321819305 36 30 (0.11318663507699966,0.12410323321819305,3.555717706680298) (-1.1394184827804565,0.8304464817047119,3.555718183517456)
232 0.21988773345947266 0.22789230942726135 70 55 (0.21988773345947266,0.22789230942726135,3.5140445232391357) (-0.8154435157775879,0.5941058993339539,3.514045000076294)
236 0.39962470531463623 0.40272393822669983 128 97 (0.39962470531463623,0.40272393822669983,3.446012258529663) (-0.28654855489730835,0.20827560126781464,3.4460127353668213)
240 0.6105789542198181 0.6079208850860596 195 146 (0.6105789542198181,0.6079208850860596,3.3694496154785156) (0.30866387486457825,-0.22593344748020172,3.369450092315674)
244 0.790624737739563 0.7830528020858765 253 188 (0.790624737739563,0.7830528020858765,3.3067452907562256) (0.7961370348930359,-0.5815460681915283,3.306745767593384)
248 0.889955997467041 0.8796733617782593 285 211 (0.889955997467041,0.8796733617782593,3.2731401920318604) (1.0573887825012207,-0.7721303105354309,3.2731406688690186)
252 0.8940503597259521 0.8911927938461304 286 214 (0.8940503597259521,0.8911927938461304,3.269179344177246) (1.0671979188919067,-0.7945942282676697,3.2691798210144043)
256 0.8263794779777527 0.8847350478172302 264 212 (0.8263794779777527,0.8847350478172302,3.2713985443115234) (0.8845264315605164,-0.7820077538490295,3.2713990211486816)
260 0.7002817988395691 0.8691608309745789 224 209 (0.7002817988395691,0.8691608309745789,3.276763439178467) (0.5436771512031555,-0.7515823841094971,3.276763916015625)
264 0.5468354821205139 0.8425711989402771 175 202 (0.5468354821205139,0.8425711989402771,3.285963535308838) (0.12749475240707397,-0.6994062066078186,3.285964012145996)
268 0.41133221983909607 0.8055465221405029 132 193 (0.41133221983909607,0.8055465221405029,3.298860549926758) (-0.24231725931167603,-0.6262635588645935,3.298861026763916)
272 0.32925230264663696 0.7609723210334778 105 183 (0.32925230264663696,0.7609723210334778,3.3145222663879395) (-0.4688461422920227,-0.5374415516853333,3.3145227432250977)
276 0.3121207654476166 0.7113103270530701 100 171 (0.3121207654476166,0.7113103270530701,3.3321475982666016) (-0.5186299085617065,-0.43748268485069275,3.3321480751037598)
280 0.32952195405960083 0.6405418515205383 105 154 (0.32952195405960083,0.6405418515205383,3.357590436935425) (-0.4741881787776947,-0.2931901514530182,3.357590913772583)
284 0.37145522236824036 0.5473432540893555 119 131 (0.37145522236824036,0.5473432540893555,3.391695976257324) (-0.3611818552017212,-0.09976793825626373,3.3916964530944824)
288 0.4372181296348572 0.4474576711654663 140 107 (0.4372181296348572,0.4474576711654663,3.4290261268615723) (-0.17834442853927612,0.11194261908531189,3.4290266036987305)
292 0.5200361609458923 0.3624149560928345 166 87 (0.5200361609458923,0.3624149560928345,3.46146297454834) (0.05745513737201691,0.2959011197090149,3.461463451385498)
296 0.6101970672607422 0.30848607420921326 195 74 (0.6101970672607422,0.30848607420921326,3.4823522567749023) (0.31790491938591003,0.41437050700187683,3.4823529720306396)
300 0.7001773118972778 0.2908256947994232 224 70 (0.7001773118972778,0.2908256947994232,3.489248037338257) (0.5786303281784058,0.4534776508808136,3.489248514175415)
304 0.8090060949325562 0.31970375776290894 259 77 (0.8090060949325562,0.31970375776290894,3.500241756439209) (0.8960238099098206,0.39210325479507446,3.500242233276367)
308 0.9513675570487976 0.40355241298675537 304 97 (0.9513675570487976,0.40355241298675537,3.5361320972442627) (1.3222492933273315,0.2119021862745285,3.536132574081421)
312 1.104067087173462 0.523963451385498 353 126 (1.104067087173462,0.523963451385498,3.5983452796936035) (1.8007047176361084,-0.053575824946165085,3.59834623336792)
316 1.2330552339553833 0.6455464363098145 395 155 (1.2330552339553833,0.6455464363098145,3.6817703247070312) (2.235877275466919,-0.3329463303089142,3.6817708015441895)
320 1.3114831447601318 0.7337339520454407 420 176 (1.3114831447601318,0.7337339520454407,3.7759921550750732) (2.5384294986724854,-0.5483638644218445,3.7759928703308105)
324 1.3319109678268433 0.7720211744308472 426 185 (1.3319109678268433,0.7720211744308472,3.8710622787475586) (2.6678507328033447,-0.6542576551437378,3.871062994003296)
328 1.259181022644043 0.7551440596580505 403 181 (1.259181022644043,0.7551440596580505,3.9774022102355957) (2.501493215560913,-0.6305229067802429,3.977402925491333)
332 1.0104961395263672 0.6770495772361755 323 162 (1.0104961395263672,0.6770495772361755,4.1300201416015625) (1.746622920036316,-0.4543212056159973,4.130021095275879)
336 0.6439279317855835 0.5578538775444031 206 134 (0.6439279317855835,0.5578538775444031,4.31323766708374) (0.5142838358879089,-0.15504297614097595,4.313238620758057)
340 0.26550644636154175 0.4331248104572296 85 104 (0.26550644636154175,0.4331248104572296,4.4917755126953125) (-0.8725764155387878,0.18663735687732697,4.491775989532471)
344 -0.023991616442799568 0.3370381295681 -8 81 (-0.023991616442799568,0.3370381295681,4.626704692840576) (-2.008401870727539,0.4684610366821289,4.626705646514893)
348 -0.1727886199951172 0.28745293617248535 -55 69 (-0.1727886199951172,0.28745293617248535,4.69560432434082) (-2.617125988006592,0.6201008558273315,4.695605754852295)
352 -0.1850927770137787 0.2863081693649292 -59 69 (-0.1850927770137787,0.2863081693649292,4.692633152008057) (-2.663302421569824,0.6230461597442627,4.692634105682373)
356 -0.1359846293926239 0.3269822299480438 -44 78 (-0.1359846293926239,0.3269822299480438,4.6017255783081055) (-2.4244980812072754,0.4946831166744232,4.601726531982422)
360 -0.038966625928878784 0.40733787417411804 -12 98 (-0.038966625928878784,0.40733787417411804,4.43209981918335) (-1.9789093732833862,0.2551686465740204,4.432100772857666)
364 0.09005706012248993 0.5142022967338562 29 123 (0.09005706012248993,0.5142022967338562,4.224984169006348) (-1.4348384141921997,-0.037282127887010574,4.224984645843506)
368 0.2158028483390808 0.6183518171310425 69 148 (0.2158028483390808,0.6183518171310425,4.040944576263428) (-0.9513869285583496,-0.29714882373809814,4.040945529937744)
372 0.2986477017402649 0.6869685053825378 96 165 (0.2986477017402649,0.6869685053825378,3.9282116889953613) (-0.6552485227584839,-0.456330269575119,3.9282124042510986)
376 0.3181440234184265 0.7031164169311523 102 169 (0.3181440234184265,0.7031164169311523,3.902589797973633) (-0.5879426598548889,-0.4925086200237274,3.90259051322937)
380 0.3181440234184265 0.7031164169311523 102 169 (0.3181440234184265,0.7031164169311523,3.902589797973633) (-0.5879426598548889,-0.4925086200237274,3.90259051322937)
384 0.3181440234184265 0.7031164169311523 102 169 (0.3181440234184265,0.7031164169311523,3.902589797973633) (-0.5879426598548889,-0.4925086200237274,3.90259051322937)
388 0.3181440234184265 0.7031164169311523 102 169 (0.3181440234184265,0.7031164169311523,3.902589797973633) (-0.5879426598548889,-0.4925086200237274,3.90259051322937)
392 0.3181440234184265 0.7031164169311523 102 169 (0.3181440234184265,0.7031164169311523,3.902589797973633) (-0.5879426598548889,-0.4925086200237274,3.90259051322937)
396 0.3181440234184265 0.7031164169311523 102 169 (0.3181440234184265,0.7031164169311523,3.902589797973633) (-0.5879426598548889,-0.4925086200237274,3.90259051322937)
