0000,[136.38937377929688, 103.2371597290039],40.817649841308594,[30.207740783691406, 34.790199279785156]
0020,[161.80519104003906, 103.06040954589844],63.410621643066406,[33.08121871948242, 35.3474235534668]
0040,[164.87142944335938, 79.69984436035156],75.64511108398438,[29.046031951904297, 34.74335861206055]
0060,[135.1269073486328, 80.30479431152344],52.21577072143555,[25.811426162719727, 33.925052642822266]
0080,[110.08411407470703, 84.30862426757812],38.60098648071292,[21.011804580688477, 32.992332458496094]
0100,[105.19727325439453, 106.26848602294922],25.143627166748047,[23.835018157958984, 33.531436920166016]
0120,[103.01172637939453, 130.37448120117188],8.939638137817397,[25.344377517700195, 33.9892463684082]
0140,[128.63424682617188, 129.41818237304688],12.527496337890625,[31.046710968017578, 35.28985595703125]
0160,[159.69320678710938, 129.01051330566406],149.04344177246097,[35.37507629394531, 35.708168029785156]
0180,[125.4944076538086, 103.86651611328125],33.291103363037124,[28.308259963989258, 34.513343811035156]
