0020,[176.12883364 143.63526883],21.82553998395714,[37.20710354 41.32093179]
0030,[200.85914707 155.85366421],4.290021758357283,[48.29779976 48.47176185]
0040,[169.19638262 163.96311483],0.06326790746961315,[46.31720845 52.38974362]
0050,[144.65116915 157.60952544],5.54114096638922,[38.91607392 51.87412522]
0060,[144.83866772 132.49248514],22.443419497633442,[35.0023907  49.36948145]
0070,[206.58733108  92.30159896],-15.993988582843524,[46.06917234 36.02511381]
0080,[163.66204164  96.12520667],-43.02081515388303,[36.30384928 24.11312686]
0090,[120.99903026 127.98086917],19.88252179329827,[13.32860437 29.05284852]
0100,[118.54821464 173.35134066],-3.738445799191011,[14.56264429 29.20742029]
0110,[154.38559344 167.53551297],-0.9459664182067303,[26.6761524  32.94317698]
