0000,[136.34039306640625, 103.26358795166016],40.8359069824219,[30.081924438476562, 34.70566940307617]
0008,[144.7994384765625, 102.95860290527344],47.99356460571289,[31.060443878173828, 34.660499572753906]
0016,[0.0, 0.0],-90.0,[0.0, 0.0]
0024,[162.07571411132812, 100.84457397460938],63.93429183959961,[31.56533432006836, 34.00996017456055]
0032,[0.0, 0.0],-90.0,[0.0, 0.0]
0040,[164.7506103515625, 79.75712585449219],75.3891372680664,[26.95876121520996, 31.696950912475586]
0048,[157.79737854003906, 79.61994171142578],68.29415893554688,[26.12047004699707, 31.48321533203125]
0056,[141.68109130859375, 79.9273681640625],59.27218246459961,[24.776050567626953, 31.475494384765625]
0064,[128.6945343017578, 81.02601623535156],48.31279373168945,[24.388277053833008, 32.9869499206543]
0072,[115.41202545166016, 83.05110168457031],41.32780838012695,[23.73212242126465, 35.23773193359375]
0080,[110.31594848632812, 84.16303253173828],38.700347900390625,[24.63477897644043, 38.344425201416016]
0088,[0.0, 0.0],-90.0,[0.0, 0.0]
0096,[106.44009399414062, 100.37191772460938],28.468355178833008,[29.645761489868164, 43.6250114440918]
0104,[104.39542388916016, 115.86852264404297],53.655967712402344,[27.721559524536133, 37.626548767089844]
0112,[59.45396423339844, 109.9734115600586],149.18664550781253,[12.947239875793457, 15.467048645019531]
0120,[58.313682556152344, 109.69932556152344],101.97390747070315,[11.236044883728027, 20.10124397277832]
0128,[108.39896392822266, 129.80226135253906],9.283419609069824,[29.157480239868164, 37.46212387084961]
0136,[122.01232147216797, 129.6118927001953],11.093086242675781,[30.28118896484375, 35.475162506103516]
0144,[135.3582000732422, 129.2094268798828],19.173175811767578,[31.02777862548828, 33.75959396362305]
0152,[152.23974609375, 129.12832641601562],2.965388059616089,[32.85789108276367, 33.7167854309082]
0160,[159.63827514648438, 129.0712432861328],86.45658111572266,[34.95401382446289, 35.20055389404297]
0168,[147.35292053222656, 119.9170913696289],29.151441574096665,[35.84303665161133, 37.901241302490234]
0176,[128.2599334716797, 105.66988372802734],33.694602966308594,[34.09518814086914, 41.15910720825195]
0184,[126.02342987060547, 103.62133026123047],34.98631286621094,[36.05141067504883, 44.32628631591797]
0192,[129.31472778320312, 103.2591323852539],37.18562316894531,[38.78363037109375, 47.11527633666992]
0200,[136.55674743652344, 102.8404312133789],40.521549224853516,[41.0689811706543, 48.379337310791016]
0208,[149.43531799316406, 110.55570983886719],43.74495315551758,[44.53792953491211, 48.25162124633789]
0216,[0.0, 0.0],-90.0,[0.0, 0.0]
0224,[0.0, 0.0],-90.0,[0.0, 0.0]
0232,[0.0, 0.0],-90.0,[0.0, 0.0]
0240,[121.045166015625, 96.45117950439453],37.812541961669936,[28.1085262298584, 36.590755462646484]
0248,[104.53018188476562, 82.67200469970703],36.025821685791016,[19.985349655151367, 33.59017562866211]
0256,[0.0, 0.0],-90.0,[0.0, 0.0]
0264,[130.70965576171875, 79.37898254394531],50.99385070800781,[26.951026916503906, 36.82317352294922]
0272,[151.1404571533203, 83.50840759277344],63.59389877319336,[32.54814147949219, 39.78350830078125]
0280,[149.98252868652344, 92.13432312011719],56.32594299316406,[36.33554458618164, 42.40443801879883]
0288,[136.5032501220703, 107.99568176269531],37.16547393798828,[38.867279052734375, 44.35702896118164]
0296,[117.8100357055664, 120.97755432128906],17.78514480590819,[36.584312438964844, 45.13945770263672]
0304,[101.13104248046875, 121.58615112304688],14.765393257141113,[30.921489715576172, 44.02618408203125]
0312,[0.0, 0.0],-90.0,[0.0, 0.0]
0320,[81.83442687988281, 40.41548538208008],116.8708267211914,[17.66520118713379, 27.56129264831543]
0328,[99.94805145263672, 51.5997200012207],129.13583374023438,[10.115764617919922, 16.889833450317383]
0336,[117.46453094482422, 106.01338195800781],29.806663513183608,[27.075092315673828, 34.52206802368164]
0344,[189.3912811279297, 125.89984893798828],119.72865295410156,[34.10985565185547, 35.31231689453125]
0352,[205.76414489746094, 130.88490295410156],131.85748291015622,[33.47809982299805, 34.38198471069336]
0360,[198.2294158935547, 143.77781677246094],18.65015411376953,[11.270156860351562, 13.73204517364502]
0368,[162.8750457763672, 98.42478942871094],68.93992614746094,[31.26441192626953, 34.196388244628906]
0376,[152.2738800048828, 90.98068237304688],61.530330657958984,[29.833467483520508, 34.1009407043457]
0384,[152.17100524902344, 90.99586486816406],58.74772644042966,[30.27032470703125, 35.01964569091797]
0392,[152.1781005859375, 91.00950622558594],59.280826568603516,[30.676546096801758, 35.24860382080078]
