0020,[175.93450927734375, 144.00131225585938],18.80158805847168,[39.59000015258789, 42.6107063293457]
0030,[200.7482147216797, 155.82545471191406],121.7552490234375,[49.2360725402832, 50.39842987060547]
0040,[169.08216857910156, 164.32350158691406],176.41171264648438,[48.01628112792969, 53.84424591064453]
0050,[144.496826171875, 157.63253784179688],5.486969470977783,[40.41429138183594, 53.16563034057617]
0060,[144.77777099609375, 132.77435302734375],22.260023117065415,[36.52021026611328, 50.85327911376953]
0070,[206.3895263671875, 92.51171112060547],75.60592651367188,[37.951744079589844, 47.79752731323242]
0080,[163.5704345703125, 96.44044494628906],47.657352447509766,[26.01006317138672, 37.6744384765625]
0090,[120.86746978759766, 128.2719268798828],19.160900115966797,[14.663576126098633, 30.0341739654541]
0100,[118.64459228515625, 173.578369140625],174.93447875976562,[16.311948776245117, 29.607107162475586]
0110,[0.0, 0.0],-90.0,[0.0, 0.0]
