0000,(0.4402986147919892, 0.5024845531584121),(0.4398831734669262, 0.5068936442189114),(0.43985969653318735, 0.506883024128749),(0.4394459986963053, 0.5112949537357472)
0008,(0.35841837179630476, 0.501123308868578),(0.3577937240911875, 0.505172725772137),(0.3572640573060606, 0.5036048371030286),(0.3566406099653663, 0.5076530179026244)
0016,(3.2379892555860277, 3.499580373741411),(3.292763147914238, 3.5223140312792225),(0.22755109882002422, 0.5016138641711376),(0.22674333807531566, 0.5050224237879299)
0024,(0.20831966020819337, 0.526496390781827),(0.2076113015052723, 0.5298997661421074),(0.2077894787589063, 0.5293568909716477),(0.20709465510096248, 0.5327684574151239)
0032,(3.2379892555860277, 3.499580373741411),(3.292763147914238, 3.5223140312792225),(0.20382015647123497, 0.7115249745688361),(0.2043039936890021, 0.7153568014818412)
0040,(0.20301814225807746, 0.816402542853222),(0.2044436625576047, 0.8203229627762907),(0.20192466118696428, 0.8204402513468025),(0.2033996805663536, 0.824367333277805)
0048,(0.2678272649599909, 0.817376759631895),(0.26875628548905084, 0.8210658034607654),(0.26783178634284877, 0.8220071187783571),(0.2687972190907719, 0.8256885643914655)
0056,(0.42963263062547963, 0.8207452052121045),(0.4298803121880743, 0.8242584739716841),(0.42764847371046244, 0.825550554897371),(0.42791877020946245, 0.8290358556368571)
0064,(0.5701580073995447, 0.8211426356012492),(0.5703887093886895, 0.8249590924782733),(0.5698136451542517, 0.8260189196797945),(0.5700502763268611, 0.8297978139548245)
0072,(0.7218001962046072, 0.817097113979625),(0.7225237409649679, 0.821646689274155),(0.7224257305197881, 0.8196543960690357),(0.7231516818597543, 0.8241873731615579)
0080,(0.7816450809112008, 0.8127497602805074),(0.782683054331482, 0.8176844546827073),(0.7831194875759158, 0.8159694435981157),(0.784164386229337, 0.820888997306064)
0088,(3.2379892555860277, 3.499580373741411),(3.292763147914238, 3.5223140312792225),(0.7822098437786109, 0.7495515345167054),(0.7832725623600898, 0.7548992339295273)
0096,(0.7821848056125085, 0.5860892484111768),(0.7832019899444, 0.5918420884439839),(0.7817842037654656, 0.5870285176158043),(0.7828001650730994, 0.5927806140930092)
0104,(0.7740052168037472, 0.3845771977340682),(0.7746219230228066, 0.3892341733836515),(0.77873873939395, 0.44350718501106434),(0.7795216793778394, 0.4486879873183425)
0112,(1.4193147099415329, 0.5895976074281257),(1.4230135726819129, 0.5955648561683169),(0.7723615354624818, 0.2834627243881922),(0.7726208253423061, 0.2867760939264312)
0120,(1.4382578472536778, 0.5982200769117547),(1.4420993672354077, 0.6042624550644777),(0.7693471145692103, 0.21633861164589097),(0.7692992618203351, 0.21842029827184994)
0128,(0.7083002187953018, 0.21330530407813497),(0.7082607882877148, 0.2155647531596081),(0.7096696686396209, 0.2136642858137825),(0.7096314019667398, 0.21592610294423076)
0136,(0.5587542741237872, 0.20598669059102814),(0.5586275467994222, 0.20839810569868744),(0.559687241572091, 0.20933189073170366),(0.5595634924705646, 0.21179839107529141)
0144,(0.42734065982815883, 0.20676253568007041),(0.42699981191975533, 0.20901720839453053),(0.4255727563568228, 0.20876419192171558),(0.4252247689158586, 0.21104259493567712)
0152,(0.28239862313812214, 0.2116225767365918),(0.28162443206143273, 0.2131438107496606),(0.28198834030950337, 0.21301314225585433),(0.28120848920017405, 0.21455037651925668)
0160,(0.22644419102034608, 0.2169269744157709),(0.22542418326808678, 0.21796861091972142),(0.22539751823654885, 0.2183760264456529),(0.22436842531765278, 0.21942655370537967)
0168,(0.3229795160267521, 0.3034817924864639),(0.32218095809737113, 0.3063451737828313),(0.32240687042010663, 0.3046480654297328),(0.32160518736881905, 0.3075181971649019)
0176,(0.51992592377393, 0.4795850404541273),(0.519762128249285, 0.4842786161245707),(0.519866092526772, 0.4844091201948677),(0.519703348766789, 0.4891120070902357)
0184,(0.5473826059975488, 0.5084625018502693),(0.547326656878393, 0.5133057719571483),(0.5480250440207715, 0.5138003911315949),(0.5479730707939807, 0.5186517026072586)
0192,(0.5127816292179328, 0.5092599655064949),(0.5126016169777166, 0.5139706706953895),(0.5128728807731426, 0.5134605547378266),(0.512694707383647, 0.5181753338401824)
0200,(0.4387470427053337, 0.507697420398161),(0.4383307240276739, 0.5121054788252781),(0.4385009763061305, 0.5116472225032229),(0.43808685244765133, 0.5160578500063155)
0208,(0.3094747107626805, 0.4080330151989324),(0.308622188326229, 0.41152661344689534),(0.30864372888466063, 0.4106705015523904),(0.3077909469762288, 0.4141720982249084)
0216,(3.2379892555860277, 3.499580373741411),(3.292763147914238, 3.5223140312792225),(0.1777291344840788, 0.22444580754954702),(0.17644381484518723, 0.2249565916579357)
0224,(3.2379892555860277, 3.499580373741411),(3.292763147914238, 3.5223140312792225),(0.13805960718658028, 0.14793571029399533),(0.1368759750185502, 0.14620301283490655)
0232,(3.2379892555860277, 3.499580373741411),(3.292763147914238, 3.5223140312792225),(0.22381587640493406, 0.23284860115304706),(0.22274040947239104, 0.23408407271712028)
0240,(0.6176336940898999, 0.6116163254874392),(0.6178833954104253, 0.6166888826684873),(0.6179173852114985, 0.6161314469853654),(0.6181694264627446, 0.6211955433083429)
0248,(0.861167882300024, 0.8516877229041231),(0.8626769437900592, 0.8568396740785866),(0.8606352032288793, 0.8551045605411705),(0.8621382286008314, 0.860224967535121)
0256,(3.2379892555860277, 3.499580373741411),(3.292763147914238, 3.5223140312792225),(0.8106038400118887, 0.8671244426817943),(0.8117796963618202, 0.8717988928993221)
0264,(0.5518049115466601, 0.8428329004409518),(0.5520456906349196, 0.846427030927789),(0.5523381852745635, 0.8468715354510286),(0.5525864562233034, 0.8504362870465276)
0272,(0.3258039875651457, 0.7615525204060316),(0.3260674885048722, 0.7652813230110649),(0.3255700790599172, 0.7665058686108217),(0.3258615837247705, 0.7702214098385252)
0280,(0.32345434903445947, 0.6405713634074257),(0.3231623195847426, 0.6445214571921878),(0.3245966556847337, 0.6453104440820729),(0.32432190347432854, 0.6492586487070555)
0288,(0.43229575005363685, 0.44336268349892904),(0.4318275673489782, 0.44761229633166444),(0.4319199237901503, 0.4480032584017768),(0.4314519389821534, 0.45226546270162116)
0296,(0.6111457309841839, 0.30491077864499205),(0.6111973491482092, 0.3087071995845021),(0.6120548434115212, 0.30858793301869003),(0.6121126629835669, 0.3124266456346041)
0304,(0.8048522424649927, 0.31871350518024255),(0.805295490301492, 0.3224934189110087),(0.8055208778800858, 0.32246922110201215),(0.8059811344159158, 0.3263033990552895)
0312,(3.2379892555860277, 3.499580373741411),(3.292763147914238, 3.5223140312792225),(1.0263927454203254, 0.4981090144036797),(1.0282387520715779, 0.503765398047459)
0320,(1.4092116083327908, 1.6979220050752937),(1.4136147074993721, 1.6951359296125448),(1.119013449780164, 0.6373837075407263),(1.1219769646733782, 0.6442265447074624)
0328,(1.0663483607921485, 1.3950101379904485),(1.0682840759268777, 1.3940179223087),(1.0964396727661723, 0.6496446977839372),(1.0993322047882355, 0.6565078570994158)
0336,(0.6380655839216973, 0.48939313188361266),(0.6383581795574993, 0.49451277489404877),(0.6388047832483874, 0.4934311441538435),(0.6391025249868858, 0.4985638693558605)
0344,(0.04329403423508005, 0.28277158306679784),(0.040977630852514046, 0.2813614061113392),(0.0425082523828797, 0.28638545801852255),(0.04019634274836825, 0.2850305166089082)
0352,(-0.013557685428564614, 0.27271987499459605),(-0.016898283739340325, 0.268179966191862),(-0.014535345529590238, 0.27366528738548856),(-0.017893738784237723, 0.26908880542970093)
0360,(0.0414262403229122, 0.16021245529138328),(0.03906636535861896, 0.15465493081608672),(0.024864182431549864, 0.3541034790034794),(0.02275403240788476, 0.3536311312836964)
0368,(0.20305934043474227, 0.5573439677066552),(0.20250884293100846, 0.5608337891374122),(0.20258024473736924, 0.5617666580799727),(0.20205423251382282, 0.5652692917949091)
0376,(0.30346692809009923, 0.6556142326354717),(0.30326056467365614, 0.6595073593819101),(0.303856328299541, 0.6583367014947434),(0.30366158334848503, 0.6622284339518996)
0384,(0.30440980447650423, 0.6554334744946773),(0.3042011844063621, 0.6593285924004162),(0.30361268965890265, 0.6587586468644346),(0.3034202420229213, 0.6626495739806026)
0392,(0.30432481803351097, 0.6552444787577176),(0.30411548578038206, 0.6591395761624148),(0.3034738855422874, 0.6587781060564692),(0.30328175085435927, 0.662668755079405)
