0000,[110.61184159 101.35103638],35.58560500354149,[28.02703037 33.77303839]
0004,[112.68484195 101.10106426],36.36423980588441,[28.34131998 33.97032426]
0008,[118.69163479 100.41668653],39.4930400461174,[28.86753778 33.98747276]
0012,[126.6343118   99.67391201],-42.72234491403447,[33.93857651 29.70074086]
0016,[132.87235773  99.30885931],-37.59206196948735,[33.5651525  30.11036015]
0020,[135.04902427  99.12364671],-36.63216814457919,[33.32394369 29.99884686]
0024,[135.18230213  96.96926716],-35.30215928443738,[32.96488824 29.45914757]
0028,[135.54259966  90.88939296],-32.010787650573775,[32.50415603 28.27803509]
0032,[136.15198812  83.49625351],-28.25062461104226,[31.90951157 26.8824077 ]
0036,[136.61875862  78.01469648],-24.952721375483062,[31.26018234 25.66474397]
0040,[136.83373669  76.19616122],-24.783728734660215,[31.07219566 25.18608438]
0044,[135.20660829  76.23261325],-25.487514011937023,[30.73946811 24.89114606]
0048,[130.04835962  76.60381845],-29.845693671587732,[30.82287793 24.45669052]
0052,[122.3808024   77.25764019],-34.29132122607463,[30.56109235 23.56418882]
0056,[114.52844335  78.18624086],-39.81996603431463,[30.86129954 22.95457403]
0060,[108.19374102  79.13690381],-43.058289995530316,[31.34943364 22.57336484]
0064,[102.23380021  80.37658089],42.613562954005936,[22.26542125 32.58822218]
0068,[95.44483736 82.03130013],39.86561790388745,[22.07038647 33.64461496]
0072,[89.54442666 83.67635019],37.20004368297309,[21.649488   34.88841981]
0076,[85.9303782  84.75921196],34.942870354168846,[21.6733028  36.49151047]
0080,[84.84913042 85.19303683],35.179545348916974,[22.34023621 38.13938936]
0084,[84.61828453 86.31813926],33.7487869917538,[23.41554305 39.66302023]
0088,[83.79153569 89.85752031],32.2305123572575,[24.75140347 40.86288981]
0092,[82.77895919 95.43165529],28.668496003010635,[26.0770472  42.19076813]
0096,[ 81.92233779 101.48715991],24.90104000420378,[27.30743271 42.78753094]
0100,[ 81.34775478 106.78485672],22.232818288473318,[28.286585   43.18088572]
0104,[ 80.81376928 112.32480472],18.8774537703613,[28.8543889  43.09593727]
0108,[ 80.62285028 118.89080213],14.62536574792392,[29.10415523 42.72523851]
0112,[ 80.48435344 125.22544045],10.716737472973588,[29.14978686 42.01216784]
0116,[ 80.56545672 129.37004359],8.444660207102732,[28.79912836 41.03926874]
0120,[ 80.64584338 130.82442769],7.710639656219249,[27.82045429 39.68957735]
0124,[ 81.70414289 130.69299462],7.438062921642228,[27.17621589 38.10924581]
0128,[ 85.47590925 130.17226806],8.197157785600213,[27.23617185 36.87302154]
0132,[ 91.55924001 129.36641251],9.777442670370128,[27.64336908 35.51947939]
0136,[ 98.44886838 128.43609484],11.901454907097968,[28.16202685 34.46016663]
0140,[104.64590724 127.73644364],13.65691948438822,[28.24722374 33.89897009]
0144,[111.13641725 126.91798255],14.705528863909596,[28.73093563 33.15546178]
0148,[119.51604858 126.14579838],19.716459301367053,[29.94870804 32.85590616]
0152,[127.47108441 125.40288136],25.1918583186985,[31.04955914 32.82311751]
0156,[132.84207737 124.93819101],30.621556024391754,[31.95142736 33.35757308]
0160,[134.67330057 124.69463323],32.4722055166721,[32.99728464 34.28887663]
0164,[131.37530593 122.71905799],26.172712351772294,[33.62393568 35.70022273]
0168,[122.17751262 116.8559716 ],28.325719327346324,[33.58986415 37.19364926]
0172,[110.97593845 109.67539127],30.346308936076074,[32.53950924 38.62351212]
0176,[102.95129651 104.48263058],31.09305225470029,[31.86733851 40.22875269]
0180,[100.34527564 102.72569261],29.93324002021828,[32.44935038 42.15191611]
0184,[100.64165494 102.62939787],30.178946606655455,[33.68919072 43.69950532]
0188,[101.75026851 102.35517199],31.395131992273104,[35.11141391 45.21170717]
0192,[103.79898222 102.10993437],31.856786776404267,[36.47796575 46.3843688 ]
0196,[106.87734542 101.58778887],33.78968798118576,[37.76525646 47.02961909]
0200,[110.76336674 100.94366773],36.082463046904586,[38.73888813 47.42596511]
0204,[115.9508882  102.25862571],37.739266703374454,[40.00244431 47.5692964 ]
0208,[123.65510517 107.52457786],38.04585568330823,[42.20262299 47.35683098]
0212,[132.73295693 115.54795734],36.90086428063252,[44.00795899 47.13961357]
0216,[141.35436585 124.24111533],33.61705359124203,[44.56754447 46.27796515]
0220,[147.37673954 130.73544398],30.028204062006388,[44.33368554 45.09487309]
0224,[149.97269857 133.60460843],27.719287185311597,[42.94110874 43.6485354 ]
0228,[147.22177275 131.83762525],25.048501881202927,[41.07140988 41.88416291]
0232,[134.77705403 123.41512448],27.468056092881046,[38.10782746 40.18507469]
0236,[114.65228881 109.53317321],32.90652627333897,[32.48900701 38.03477118]
0240,[95.54448242 96.03991012],32.25377561122456,[26.0062914  35.59823321]
0244,[84.06660976 87.65550109],33.252865230142085,[20.57330453 34.250447  ]
0248,[79.37990725 84.32750573],33.19273864439692,[17.90860176 33.39288735]
0252,[79.33464696 83.65305544],33.92416809989017,[17.7708413  33.54319276]
0256,[83.43926521 82.31830894],35.68250073601474,[19.03259972 34.10140035]
0260,[91.90448751 80.16785492],39.430218863620404,[21.4706924  35.05131835]
0264,[104.06925492  78.58719449],44.817695481588096,[24.81360479 36.16353963]
0268,[116.04473913  78.79889846],-39.57213914444262,[37.6538138 28.0910303]
0272,[123.77933499  80.83898018],-35.42407523435618,[38.8308873  30.64489909]
0276,[125.14704873  84.10901681],-35.95120175997405,[40.23009584 32.58337075]
0280,[123.03981701  89.31973169],-40.630216700224686,[41.62583016 34.29434662]
0284,[118.15391326  97.0029131 ],41.90782333710405,[35.70879186 42.72632765]
0288,[110.85604458 106.00239976],33.364208467151265,[36.30729665 43.60575291]
0292,[102.434144   114.44236868],23.76948724730924,[35.89774345 44.12973044]
0296,[ 93.90253003 120.35780666],15.972230440999065,[34.2548445 44.3637405]
0300,[ 86.15992326 123.22407191],12.803139944930276,[32.09619032 44.13377381]
0304,[ 78.02832459 122.56036841],12.092895564816345,[28.91912542 43.14725378]
0308,[ 69.60814351 118.60986225],13.281251417679156,[24.33794048 42.15160671]
0312,[ 63.3644515  113.25441158],14.962853791596173,[19.7252871  40.22271885]
0316,[ 59.8808037  108.52044834],16.54691592475043,[16.14133194 38.58972514]
0320,[ 58.46314142 105.52109092],18.445700200803422,[14.21514521 36.73899014]
0324,[ 58.27347394 104.29331167],18.968837118526334,[13.26600782 35.29612682]
0328,[ 60.00197795 104.13247277],19.36077807297152,[13.90323805 34.19639506]
0332,[ 68.978866   103.90967187],21.40005681975308,[17.78275276 33.67584531]
0336,[ 92.64558965 105.67271552],25.497693669756995,[24.95855308 33.83422426]
0340,[130.920976   111.91973474],42.53903251875074,[31.19895062 33.67942796]
0344,[163.38293156 119.10626477],-0.5966625938034509,[33.68471651 33.0018295 ]
0348,[178.84300177 122.92922344],-33.8075047618445,[32.68440561 33.42342428]
0352,[180.05234776 122.91843887],-39.92194498206252,[32.7223207  33.13810184]
0356,[174.98841597 119.45177552],24.221562589998584,[33.42077127 32.55104163]
0360,[164.3659971  112.34711608],0.3491933228295352,[33.3430963  32.55669018]
0364,[149.92127236 103.01273774],-21.34841278979354,[33.29830595 31.18041317]
0368,[135.91205691  94.45562405],-35.097965602073025,[33.37751485 29.32152138]
0372,[127.18325782  89.28531724],-36.5603987577568,[33.22894405 27.84320587]
0376,[125.13937549  88.1102723 ],-37.93720400925204,[33.23813818 27.89607268]
0380,[125.15858062  88.18056333],-38.95440828598183,[33.70021168 28.04801107]
0384,[125.16546274  88.1026318 ],-38.99006911087442,[33.97384607 28.20150033]
0388,[125.12071118  88.12493133],-37.80412090815705,[34.3597357  28.32790988]
0392,[125.09229243  88.11093366],-38.50506253472498,[34.36694603 28.58264568]
0396,[125.11464882  88.1408331 ],-37.85347869344615,[34.476535   28.75230845]
