0000,[136.35890197753906, 103.23735046386719],41.028926849365234,[30.045772552490234, 34.660850524902344]
0020,[161.87542724609375, 103.0161361694336],65.71092987060547,[33.057777404785156, 35.127010345458984]
0040,[164.92530822753906, 79.68994903564453],74.217529296875,[28.80484962463379, 34.68229293823242]
0060,[135.16477966308594, 80.27574920654297],52.15201187133789,[25.503040313720703, 33.944915771484375]
0080,[110.08602905273438, 84.37470245361328],38.67135238647461,[20.930570602416992, 32.88446807861328]
0100,[105.21939849853516, 106.26971435546875],25.394506454467745,[23.7982120513916, 33.387142181396484]
0120,[103.05667877197266, 130.3223419189453],7.669009208679199,[25.317729949951172, 33.77228927612305]
0140,[128.60107421875, 129.24017333984375],14.608213424682617,[31.05318260192871, 34.88282012939453]
0160,[159.69290161132812, 128.91392517089844],140.64649963378906,[35.22453689575195, 35.39706802368164]
0180,[125.42058563232422, 103.88613891601562],33.6049919128418,[28.098373413085938, 34.2468376159668]
