0000,[136.34396362304688, 103.15620422363281],40.708518981933594,[29.846595764160156, 34.608585357666016]
0004,[138.64674377441406, 103.09396362304688],43.4518737792969,[30.293272018432617, 34.39837646484375]
0008,[144.79180908203125, 102.93669891357422],45.85105895996094,[30.946056365966797, 34.628326416015625]
0012,[153.01275634765625, 102.96162414550781],59.81288146972656,[31.558584213256836, 34.74606704711914]
0016,[159.57012939453125, 102.95735168457031],62.26043701171872,[31.977994918823242, 34.26568603515625]
0020,[161.80514526367188, 103.15994262695312],65.09040832519531,[31.777807235717773, 34.12801742553711]
0024,[162.05462646484375, 100.84272003173828],65.12407684326172,[31.516170501708984, 33.72121810913086]
0028,[0.0, 0.0],-90.0,[0.0, 0.0]
0032,[163.71920776367188, 87.23381042480469],73.17587280273438,[28.40416145324707, 32.49315643310547]
0036,[164.56520080566406, 81.69863891601562],74.1299819946289,[27.260122299194336, 32.099029541015625]
0040,[164.7991943359375, 79.71444702148438],74.72608184814453,[26.763599395751953, 31.758729934692383]
0044,[163.13352966308594, 79.7197265625],72.21173095703125,[26.365068435668945, 31.805076599121094]
0048,[157.77357482910156, 79.62713623046875],68.45104217529297,[25.98978614807129, 31.39890480041504]
0052,[149.9209747314453, 79.60266876220703],62.65110397338867,[25.299232482910156, 31.473981857299805]
0056,[141.6588134765625, 79.92543029785156],59.18657684326172,[24.74051284790039, 31.457508087158203]
0060,[135.0699920654297, 80.2906723022461],52.51034927368164,[24.366504669189453, 32.09088134765625]
0064,[128.70448303222656, 80.92578887939453],49.13563537597656,[24.143051147460938, 33.08143997192383]
0068,[0.0, 0.0],-90.0,[0.0, 0.0]
0072,[115.38890075683594, 82.97860717773438],41.935176849365234,[23.733678817749023, 35.311439514160156]
0076,[111.4338150024414, 83.91978454589844],38.96734619140625,[23.892179489135742, 36.73200988769531]
0080,[110.23958587646484, 84.13695526123047],38.99296951293945,[24.5528507232666, 38.380672454833984]
0084,[109.93592834472656, 85.25154113769531],38.290237426757784,[25.67961883544922, 39.90596008300781]
0088,[108.97838592529297, 88.66073608398438],36.253948211669936,[26.750577926635742, 41.320396423339844]
0092,[107.62673950195312, 94.32318115234375],32.38312149047853,[28.33722496032715, 42.66611099243164]
0096,[106.375244140625, 100.40066528320312],28.591178894042955,[29.719999313354492, 43.618953704833984]
0100,[105.40122985839844, 106.37041473388672],29.76081848144534,[30.194183349609375, 42.7320671081543]
0104,[0.0, 0.0],-90.0,[0.0, 0.0]
0108,[0.0, 0.0],-90.0,[0.0, 0.0]
0112,[119.94319915771484, 152.08554077148438],101.7916259765625,[20.150096893310547, 47.900482177734375]
0116,[0.0, 0.0],-90.0,[0.0, 0.0]
0120,[0.0, 0.0],-90.0,[0.0, 0.0]
0124,[104.50678253173828, 134.21446228027344],57.83384704589844,[27.218629837036133, 31.554088592529297]
0128,[108.32978057861328, 129.84442138671875],11.0598726272583,[29.1221981048584, 37.54768753051758]
0132,[114.60855102539062, 129.80526733398438],9.924347877502456,[29.5694580078125, 36.328243255615234]
0136,[122.031982421875, 129.56869506835938],12.635199546813965,[30.079580307006836, 35.348270416259766]
0140,[128.59425354003906, 129.36582946777344],12.081679344177246,[30.672834396362305, 34.43209457397461]
0144,[135.3705291748047, 129.18031311035156],20.526895523071303,[30.901350021362305, 33.691246032714844]
0148,[143.99488830566406, 128.90847778320312],37.714210510253906,[31.944429397583008, 33.12141418457031]
0152,[152.2560272216797, 129.10743713378906],11.917800903320312,[32.70098114013672, 33.62551498413086]
0156,[157.80723571777344, 129.05613708496094],4.035195350646973,[33.77321243286133, 34.0868034362793]
0160,[159.7292022705078, 129.0078125],76.06111907958984,[34.63041305541992, 35.01701354980469]
0164,[156.38937377929688, 126.65042114257812],39.601097106933594,[35.6908073425293, 36.31517028808594]
0168,[147.33192443847656, 119.93431854248047],30.89008712768556,[35.69843673706055, 37.82853698730469]
0172,[136.29464721679688, 111.76813507080078],33.57314300537111,[34.68391418457031, 39.50598907470703]
0176,[128.32009887695312, 105.64529418945312],33.362335205078125,[33.977378845214844, 41.022701263427734]
0180,[125.68816375732422, 103.64596557617188],33.94855880737303,[34.5314826965332, 42.510677337646484]
0184,[125.96723937988281, 103.5391616821289],35.62832260131836,[36.00819396972656, 44.29655075073242]
0188,[127.1093978881836, 103.4007568359375],35.07508850097655,[37.340518951416016, 45.901206970214844]
0192,[129.32696533203125, 103.17327117919922],36.52024841308595,[38.803504943847656, 47.0669059753418]
0196,[132.6346435546875, 103.0157470703125],39.24409866333011,[39.98431396484375, 47.813934326171875]
0200,[136.62155151367188, 102.77363586425781],41.26194381713867,[41.006778717041016, 48.34080505371094]
0204,[141.9770050048828, 104.5749282836914],43.911346435546875,[42.37742233276367, 48.27667236328125]
0208,[149.40542602539062, 110.49834442138672],44.91775131225586,[44.41962814331055, 48.13524627685547]
0212,[158.29188537597656, 119.5429458618164],45.278568267822266,[45.99471664428711, 47.92303466796875]
0216,[0.0, 0.0],-90.0,[0.0, 0.0]
0220,[0.0, 0.0],-90.0,[0.0, 0.0]
0224,[0.0, 0.0],-90.0,[0.0, 0.0]
0228,[80.49396514892578, 159.99583435058594],119.669921875,[30.94684410095215, 44.513572692871094]
0232,[0.0, 0.0],-90.0,[0.0, 0.0]
0236,[0.0, 0.0],-90.0,[0.0, 0.0]
0240,[121.12207794189453, 96.34016418457031],37.56707000732423,[28.003583908081055, 36.39163589477539]
0244,[109.24930572509766, 86.6241455078125],37.097454071044936,[22.236454010009766, 34.853572845458984]
0248,[104.41462707519531, 82.62618255615234],36.948562622070284,[19.957548141479492, 33.73337173461914]
0252,[104.43433380126953, 82.0958251953125],37.806453704833984,[19.780479431152344, 33.42584991455078]
0256,[108.8270492553711, 81.1243896484375],39.913578033447266,[20.673383712768555, 34.542110443115234]
0260,[117.98017120361328, 79.77166748046875],44.59291458129883,[23.372817993164062, 35.35758972167969]
0264,[130.6370391845703, 79.28823852539062],50.62004089355469,[26.71438980102539, 36.84088134765625]
0268,[143.18682861328125, 80.71326446533203],58.079978942871094,[29.992460250854492, 38.242401123046875]
0272,[151.0935821533203, 83.42056274414062],63.9924430847168,[32.51375198364258, 39.830078125]
0276,[152.45242309570312, 86.87618255615234],60.91998672485349,[34.57539749145508, 41.05630111694336]
0280,[150.01022338867188, 92.08588409423828],56.19330596923825,[36.278892517089844, 42.29698944091797]
0284,[144.4810791015625, 99.37197875976562],48.93998336791992,[37.76119613647461, 43.50499725341797]
0288,[136.48406982421875, 107.97401428222656],37.127948760986314,[38.7705078125, 44.297298431396484]
0292,[127.12467193603516, 115.64881896972656],26.9583683013916,[38.17034149169922, 44.77130126953125]
0296,[117.78217315673828, 120.89888000488281],18.763141632080078,[36.41035461425781, 45.06272888183594]
0300,[109.47697448730469, 122.98979187011719],16.083702087402358,[34.3308219909668, 44.732887268066406]
0304,[100.98918151855469, 121.46035766601562],15.08987712860106,[31.036178588867188, 43.97810363769531]
0308,[0.0, 0.0],-90.0,[0.0, 0.0]
0312,[0.0, 0.0],-90.0,[0.0, 0.0]
0316,[116.33843994140625, 81.28707122802734],55.597991943359375,[34.332176208496094, 53.794742584228516]
0320,[0.0, 0.0],-90.0,[0.0, 0.0]
0324,[0.0, 0.0],-90.0,[0.0, 0.0]
0328,[0.0, 0.0],-90.0,[0.0, 0.0]
0332,[92.52281188964844, 101.45503997802734],24.91298484802246,[19.744415283203125, 34.22896194458008]
0336,[117.43963623046875, 105.93941497802734],30.138534545898438,[26.933164596557617, 34.30412292480469]
0340,[156.68154907226562, 115.79888916015625],38.124935150146456,[33.34733963012695, 34.673728942871094]
0344,[189.44033813476562, 125.87397766113281],120.18146514892578,[34.014862060546875, 35.166656494140625]
0348,[204.75, 130.80677795410156],137.2833251953125,[33.44059753417969, 34.73018264770508]
0352,[205.8459930419922, 130.9528350830078],137.01402282714844,[33.45564270019531, 34.43571472167969]
0356,[0.0, 0.0],-90.0,[0.0, 0.0]
0360,[0.0, 0.0],-90.0,[0.0, 0.0]
0364,[0.0, 0.0],-90.0,[0.0, 0.0]
0368,[162.83181762695312, 98.35424041748047],68.91674041748047,[31.113283157348633, 34.181427001953125]
0372,[154.1905975341797, 92.2775650024414],60.04179763793948,[29.761423110961914, 33.824729919433594]
0376,[152.21119689941406, 90.93025970458984],61.61103057861328,[29.6357421875, 34.09307861328125]
0380,[152.27737426757812, 90.92664337158203],61.13178634643555,[29.893613815307617, 34.41802215576172]
0384,[152.1970672607422, 90.95127868652344],59.225921630859375,[30.12960433959961, 34.929473876953125]
0388,[152.1332550048828, 90.94712829589844],59.61910629272461,[30.40278434753418, 35.063236236572266]
0392,[152.17913818359375, 90.95484924316406],60.12546920776367,[30.501220703125, 35.17182540893555]
0396,[152.21275329589844, 90.97203063964844],60.15255737304685,[30.64775848388672, 35.15467834472656]
