0000,[136.34039306640625, 103.26358795166016],40.8359069824219,[30.081924438476562, 34.70566940307617]
0020,[161.81581115722656, 103.04714965820312],64.45758056640625,[33.09030532836914, 35.311744689941406]
0040,[164.96527099609375, 79.73318481445312],75.07911682128906,[28.829805374145508, 34.72206115722656]
0060,[135.1575164794922, 80.35697937011719],51.870399475097656,[25.678205490112305, 33.914737701416016]
0080,[110.16943359375, 84.41284942626953],38.365234375,[21.01812744140625, 32.89079666137695]
0100,[105.32515716552734, 106.36055755615234],24.491405487060533,[23.583740234375, 33.40809631347656]
0120,[103.08763122558594, 130.3237762451172],7.181630611419678,[25.150428771972656, 33.775638580322266]
0140,[128.63311767578125, 129.3105926513672],12.696640014648438,[31.101207733154297, 35.00701141357422]
0160,[159.6883087158203, 128.9757843017578],148.51759338378906,[35.37006378173828, 35.59990692138672]
0180,[125.42789459228516, 103.93968200683594],33.10488510131836,[28.101165771484375, 34.31761169433594]
