0000,[110.49488830566406, 101.60193634033203],34.02605819702147,[28.841266632080078, 34.129295349121094]
0004,[112.66744232177734, 101.27972412109375],37.31595993041992,[29.047521591186523, 34.163387298583984]
0008,[118.63053131103516, 100.700439453125],38.02439880371094,[29.636154174804688, 34.33268737792969]
0012,[126.53428649902344, 99.97187042236328],47.35845184326172,[30.73975944519043, 34.12450408935547]
0016,[0.0, 0.0],-90.0,[0.0, 0.0]
0020,[0.0, 0.0],-90.0,[0.0, 0.0]
0024,[0.0, 0.0],-90.0,[0.0, 0.0]
0028,[0.0, 0.0],-90.0,[0.0, 0.0]
0032,[135.96478271484375, 83.74642181396484],63.43785095214844,[27.59885597229004, 32.136634826660156]
0036,[136.5617218017578, 78.25053405761719],66.31912231445312,[26.465333938598633, 31.806785583496094]
0040,[136.7513885498047, 76.46516418457031],67.67460632324219,[25.81562614440918, 31.26446533203125]
0044,[135.0103759765625, 76.5272216796875],64.60022735595703,[25.543508529663086, 31.21179962158203]
0048,[129.87928771972656, 76.82237243652344],62.37015533447263,[24.907655715942383, 31.024368286132812]
0052,[122.40616607666016, 77.51449584960938],56.91582489013672,[24.225494384765625, 30.915807723999023]
0056,[114.47762298583984, 78.51042938232422],50.69022750854489,[23.539152145385742, 31.079294204711914]
0060,[108.15005493164062, 79.48289489746094],47.02162170410156,[23.2029972076416, 31.62140464782715]
0064,[102.0182876586914, 80.65199279785156],43.92205810546872,[22.83201789855957, 32.57102584838867]
0068,[95.32450103759766, 82.28321838378906],39.9238166809082,[22.58379554748535, 33.38710021972656]
0072,[89.50435638427734, 83.85330200195312],36.359535217285156,[22.38300895690918, 34.97038650512695]
0076,[85.78902435302734, 84.97517395019531],35.786254882812514,[22.402658462524414, 36.54597091674805]
0080,[84.7302017211914, 85.32572937011719],34.45905685424803,[22.930503845214844, 38.145835876464844]
0084,[84.50984954833984, 86.47836303710938],33.209678649902344,[24.12253761291504, 39.5526237487793]
0088,[83.82745361328125, 89.96900939941406],31.548069000244126,[25.39040184020996, 40.87083435058594]
0092,[82.78601837158203, 95.53005981445312],27.675876617431612,[26.83572769165039, 42.2325439453125]
0096,[81.82694244384766, 101.53460693359375],24.212596893310547,[27.91598892211914, 43.09108352661133]
0100,[81.2916030883789, 107.45162963867188],24.39152717590332,[28.814802169799805, 42.32673645019531]
0104,[80.84652709960938, 116.80401611328125],46.05956268310547,[26.74751091003418, 36.63017654418945]
0108,[80.15065002441406, 133.69381713867188],76.87042236328125,[11.147777557373047, 24.111608505249023]
0112,[148.96363830566406, 139.7999725341797],149.58700561523432,[21.24530792236328, 24.03849220275879]
0116,[51.25768280029297, 139.59510803222656],175.872314453125,[9.504705429077148, 12.436236381530762]
0120,[0.0, 0.0],-90.0,[0.0, 0.0]
0124,[82.05304718017578, 134.80020141601562],42.3449821472168,[26.471050262451172, 31.0333194732666]
0128,[85.4733657836914, 130.36212158203125],5.936891555786133,[27.52935218811035, 37.07514953613281]
0132,[91.41567993164062, 129.51783752441406],7.202483654022217,[28.157548904418945, 35.8713264465332]
0136,[98.48796081542969, 128.7162628173828],10.44221973419188,[29.06001853942871, 34.76103210449219]
0140,[104.66153717041016, 127.93424224853516],9.103680610656738,[29.416440963745117, 33.85777282714844]
0144,[111.22159576416016, 127.24348449707031],10.888106346130371,[29.807453155517578, 33.304046630859375]
0148,[119.41328430175781, 126.36279296875],17.645404815673828,[30.75379753112793, 33.041324615478516]
0152,[127.43617248535156, 125.4627914428711],26.562213897705064,[31.708406448364258, 32.9560432434082]
0156,[132.827392578125, 124.99454498291016],28.856069564819336,[32.76426315307617, 33.45122146606445]
0160,[134.56124877929688, 125.0555191040039],20.83443832397461,[33.71518325805664, 34.59358215332031]
0164,[131.18138122558594, 122.80422973632812],25.414997100830092,[34.580081939697266, 35.806949615478516]
0168,[122.12708282470703, 117.10222625732422],25.99233627319336,[34.46156311035156, 37.348052978515625]
0172,[110.94435119628906, 109.97639465332031],27.280704498291016,[33.211944580078125, 39.149417877197266]
0176,[103.00592803955078, 104.70191192626953],29.741579055786133,[32.393592834472656, 40.57418441772461]
0180,[100.32369995117188, 102.96234893798828],29.463096618652344,[32.916934967041016, 42.333072662353516]
0184,[100.60813903808594, 102.86260223388672],30.38762855529785,[34.32707977294922, 43.90787124633789]
0188,[101.69852447509766, 102.62734985351562],30.50914382934569,[35.53205490112305, 45.327484130859375]
0192,[103.78728485107422, 102.34283447265625],31.309871673583984,[36.91443634033203, 46.47770690917969]
0196,[106.81816864013672, 101.90473175048828],33.535030364990234,[38.11210250854492, 47.21015167236328]
0200,[110.73172760009766, 101.26324462890625],35.038455963134766,[39.26177215576172, 47.547237396240234]
0204,[115.90393829345703, 102.59451293945312],36.729251861572266,[40.7049674987793, 47.78837585449219]
0208,[123.59981536865234, 107.68019104003906],39.01491928100583,[42.81583023071289, 47.52707290649414]
0212,[132.65655517578125, 115.71699523925781],41.26377105712888,[44.725852966308594, 47.02942657470703]
0216,[141.22454833984375, 124.37080383300781],35.692073822021484,[45.214683532714844, 46.45940017700195]
0220,[0.0, 0.0],-90.0,[0.0, 0.0]
0224,[0.0, 0.0],-90.0,[0.0, 0.0]
0228,[0.0, 0.0],-90.0,[0.0, 0.0]
0232,[51.174861907958984, 125.93521118164062],90.14363098144531,[13.939508438110352, 20.548742294311523]
0236,[0.0, 0.0],-90.0,[0.0, 0.0]
0240,[95.52915954589844, 96.28862762451172],32.48102951049805,[26.555023193359375, 35.898799896240234]
0244,[83.86997985839844, 87.88933563232422],33.02421951293944,[21.000276565551758, 34.25278091430664]
0248,[0.0, 0.0],-90.0,[0.0, 0.0]
0252,[0.0, 0.0],-90.0,[0.0, 0.0]
0256,[83.33213806152344, 82.40364837646484],34.77625656127928,[19.761966705322266, 33.86166763305664]
0260,[91.86182403564453, 80.39241027832031],40.62482452392578,[21.98866844177246, 35.0177001953125]
0264,[103.88324737548828, 78.79252624511719],45.552017211914034,[25.513355255126953, 36.175270080566406]
0268,[115.96354675292969, 79.0334701538086],51.42926788330078,[28.682933807373047, 37.601356506347656]
0272,[123.6781997680664, 81.10961151123047],55.132930755615234,[31.304794311523438, 39.279605865478516]
0276,[125.10480499267578, 84.37271881103516],55.89259719848633,[33.25981903076172, 40.35070037841797]
0280,[122.9133071899414, 89.63023376464844],51.20384216308594,[35.05502700805664, 41.670345306396484]
0284,[118.18013763427734, 97.1849365234375],41.83726119995117,[36.44557571411133, 42.96642303466797]
0288,[110.86795043945312, 106.23883819580078],30.74877738952638,[36.944095611572266, 43.95449447631836]
0292,[102.44918823242188, 114.63158416748047],21.620872497558594,[36.36252212524414, 44.419185638427734]
0296,[93.8944320678711, 120.6112289428711],15.164188385009766,[34.81306076049805, 44.35419464111328]
0300,[86.15681457519531, 123.48287200927734],11.597058296203599,[32.446041107177734, 44.33012008666992]
0304,[0.0, 0.0],-90.0,[0.0, 0.0]
0308,[0.0, 0.0],-90.0,[0.0, 0.0]
0312,[0.0, 0.0],-90.0,[0.0, 0.0]
0316,[0.0, 0.0],-90.0,[0.0, 0.0]
0320,[0.0, 0.0],-90.0,[0.0, 0.0]
0324,[0.0, 0.0],-90.0,[0.0, 0.0]
0328,[79.5946044921875, 36.03666687011719],115.405517578125,[14.209111213684082, 25.01958656311035]
0332,[68.95699310302734, 104.00471496582031],19.756792068481445,[18.411544799804688, 33.816627502441406]
0336,[92.57002258300781, 106.05297088623047],24.7314395904541,[25.746152877807617, 33.81467819213867]
0340,[130.86016845703125, 112.32661437988281],37.29849624633789,[32.335391998291016, 34.06705093383789]
0344,[163.32809448242188, 119.32234954833984],119.70574188232422,[33.44568634033203, 34.35357666015625]
0348,[178.6738739013672, 123.05815887451172],136.39204406738284,[32.9861946105957, 34.0888557434082]
0352,[179.92575073242188, 123.2209243774414],125.9023666381836,[32.85634231567383, 34.24897384643555]
0356,[0.0, 0.0],-90.0,[0.0, 0.0]
0360,[0.0, 0.0],-90.0,[0.0, 0.0]
0364,[46.37576675415039, 82.7051010131836],133.8389434814453,[18.663772583007812, 20.837535858154297]
0368,[135.85935974121094, 94.6583480834961],57.15631103515625,[30.34650230407715, 33.39052200317383]
0372,[127.07430267333984, 89.56060791015625],53.698486328125,[28.661441802978516, 33.70330047607422]
0376,[125.03160858154297, 88.38219451904297],52.18966293334964,[28.417299270629883, 33.91130828857422]
0380,[125.05188751220703, 88.42813873291016],52.60137939453125,[28.875560760498047, 33.9489860534668]
0384,[125.06796264648438, 88.41932678222656],52.931480407714844,[29.12828826904297, 34.27711868286133]
0388,[125.04943084716797, 88.41083526611328],51.85829162597656,[29.3839111328125, 34.322021484375]
0392,[125.06332397460938, 88.4000015258789],51.65174102783203,[29.367389678955078, 34.40750503540039]
0396,[125.06757354736328, 88.38313293457031],50.92845916748044,[29.41358184814453, 34.597835540771484]
