0000,[136.38937377929688, 103.2371597290039],40.817649841308594,[30.207740783691406, 34.790199279785156]
0004,[138.62979125976562, 103.11224365234375],41.90779113769531,[30.399768829345703, 34.74586868286133]
0008,[144.82933044433594, 102.92597198486328],47.975467681884766,[31.257192611694336, 34.75449752807617]
0012,[153.0011444091797, 102.94985961914062],58.25910568237302,[31.88092613220215, 34.81599807739258]
0016,[0.0, 0.0],-90.0,[0.0, 0.0]
0020,[161.80325317382812, 103.068359375],67.13400268554688,[32.05577087402344, 34.37709045410156]
0024,[0.0, 0.0],-90.0,[0.0, 0.0]
0028,[0.0, 0.0],-90.0,[0.0, 0.0]
0032,[0.0, 0.0],-90.0,[0.0, 0.0]
0036,[164.50396728515625, 81.55597686767578],75.27460479736328,[27.48849868774414, 32.3314323425293]
0040,[0.0, 0.0],-90.0,[0.0, 0.0]
0044,[163.12730407714844, 79.72132110595703],73.0726623535156,[26.73314094543457, 32.14646911621094]
0048,[157.67041015625, 79.55967712402344],69.61468505859375,[26.32750129699707, 31.664461135864258]
0052,[149.981201171875, 79.57844543457031],62.33494567871094,[25.734283447265625, 31.43568992614746]
0056,[141.75697326660156, 79.82030487060547],57.977806091308594,[24.880901336669922, 31.664758682250977]
0060,[135.09979248046875, 80.23786926269531],52.52882385253906,[24.65058135986328, 32.51129913330078]
0064,[128.741455078125, 80.95329284667969],48.11531066894531,[24.431560516357422, 33.094879150390625]
0068,[121.52388763427734, 82.04478454589844],44.56036376953125,[24.088184356689453, 34.12242126464844]
0072,[115.3938217163086, 83.050048828125],41.73874282836914,[23.849239349365234, 35.3703498840332]
0076,[0.0, 0.0],-90.0,[0.0, 0.0]
0080,[110.13482666015625, 84.1253890991211],38.95877456665036,[24.69919776916504, 38.46812438964844]
0084,[109.97443389892578, 85.18095397949219],37.87565994262695,[25.74049186706543, 40.48530960083008]
0088,[0.0, 0.0],-90.0,[0.0, 0.0]
0092,[107.63996124267578, 94.37310791015625],32.44731903076172,[28.462200164794922, 42.75798034667969]
0096,[106.40177154541016, 100.4012680053711],28.697751998901367,[29.755502700805664, 43.70165252685547]
0100,[105.38371276855469, 106.43115997314453],28.30444526672362,[30.684383392333984, 42.8843994140625]
0104,[0.0, 0.0],-90.0,[0.0, 0.0]
0108,[41.21894836425781, 113.96904754638672],90.18643188476562,[9.664718627929688, 18.707744598388672]
0112,[0.0, 0.0],-90.0,[0.0, 0.0]
0116,[0.0, 0.0],-90.0,[0.0, 0.0]
0120,[0.0, 0.0],-90.0,[0.0, 0.0]
0124,[104.474853515625, 134.28448486328125],54.63462448120114,[27.23786163330078, 32.068302154541016]
0128,[108.36109924316406, 129.9208526611328],9.903894424438477,[29.254976272583008, 37.68540954589844]
0132,[114.65611267089844, 129.809326171875],11.085501670837402,[29.738222122192383, 36.62215805053711]
0136,[122.03219604492188, 129.5985107421875],11.196335792541504,[30.342426300048828, 35.43311309814453]
0140,[128.56387329101562, 129.45033264160156],11.428230285644531,[30.802507400512695, 34.6563835144043]
0144,[135.43521118164062, 129.2762451171875],17.998905181884766,[31.089998245239258, 34.069095611572266]
0148,[144.099853515625, 129.15371704101562],4.964846134185791,[32.24260711669922, 33.757965087890625]
0152,[152.23350524902344, 129.12989807128906],1.4697855710983276,[33.02745056152344, 33.96709442138672]
0156,[157.8121337890625, 129.1094207763672],157.3598022460938,[33.881263732910156, 34.39411544799805]
0160,[159.6499786376953, 129.0826416015625],110.86685180664062,[35.0140380859375, 35.34292221069336]
0164,[156.39610290527344, 126.70558166503906],22.23424148559569,[35.85423278808594, 36.63277053833008]
0168,[147.39683532714844, 119.95909881591797],31.958824157714858,[36.01564025878906, 38.132179260253906]
0172,[136.28533935546875, 111.68317413330078],34.52306365966798,[35.2335319519043, 39.48686218261719]
0176,[128.22116088867188, 105.6326904296875],33.04026031494139,[34.235164642333984, 41.1842155456543]
0180,[125.66881561279297, 103.68177032470703],34.299964904785156,[34.834163665771484, 42.73351287841797]
0184,[125.96790313720703, 103.53109741210938],34.09901428222655,[36.25007629394531, 44.404781341552734]
0188,[127.16114807128906, 103.40251159667969],34.908672332763686,[37.59514617919922, 46.059818267822266]
0192,[129.2881622314453, 103.21822357177734],37.177875518798814,[39.08074951171875, 47.18459701538086]
0196,[132.62799072265625, 103.08452606201172],38.779136657714844,[40.31849670410156, 47.88784408569336]
0200,[136.6517333984375, 102.81745147705078],40.390140533447266,[41.26780319213867, 48.48719024658203]
0204,[142.0146484375, 104.61499786376953],43.86667251586914,[42.79202651977539, 48.31003952026367]
0208,[149.46322631835938, 110.49053955078125],43.767608642578125,[44.74828338623047, 48.38039016723633]
0212,[158.36700439453125, 119.5929183959961],45.073204040527344,[46.22160720825195, 48.01411056518555]
0216,[0.0, 0.0],-90.0,[0.0, 0.0]
0220,[0.0, 0.0],-90.0,[0.0, 0.0]
0224,[0.0, 0.0],-90.0,[0.0, 0.0]
0228,[71.86841583251953, 120.61782836914062],66.23502349853513,[11.217392921447754, 21.540546417236328]
0232,[0.0, 0.0],-90.0,[0.0, 0.0]
0236,[0.0, 0.0],-90.0,[0.0, 0.0]
0240,[121.07124328613281, 96.46989440917969],37.82301712036133,[28.171432495117188, 36.61153793334961]
0244,[109.36799621582031, 86.52420806884766],36.55325317382814,[22.65118408203125, 34.94353485107422]
0248,[104.43778228759766, 82.68548583984375],37.3742752075195,[20.15829849243164, 33.9355583190918]
0252,[104.44866180419922, 82.06217956542969],37.88648986816406,[19.793010711669922, 33.73262405395508]
0256,[108.89651489257812, 81.00890350341797],40.21764373779294,[20.97580337524414, 34.80616760253906]
0260,[118.04996490478516, 79.7991714477539],44.55502700805664,[23.764163970947266, 35.351356506347656]
0264,[130.7437744140625, 79.32978057861328],50.75463104248047,[27.06148338317871, 36.88960266113281]
0268,[143.17913818359375, 80.71443939208984],57.899051666259766,[30.11351776123047, 38.50891876220703]
0272,[151.13168334960938, 83.3470230102539],62.58561325073242,[32.92963790893555, 39.77579879760742]
0276,[152.47142028808594, 86.90544891357422],61.09092712402344,[34.74363327026367, 41.163917541503906]
0280,[149.8894500732422, 92.11236572265625],58.05657196044922,[36.749263763427734, 42.519775390625]
0284,[144.56179809570312, 99.46231079101562],48.33367156982422,[38.33893966674805, 43.593902587890625]
0288,[136.523681640625, 107.97325134277344],37.359073638916016,[39.03898620605469, 44.404029846191406]
0292,[127.17034912109375, 115.68196868896484],26.207481384277358,[38.5412483215332, 44.767906188964844]
0296,[117.82138061523438, 120.96753692626953],17.83783531188965,[36.66133117675781, 45.22386169433594]
0300,[109.51123046875, 123.06758880615234],16.227758407592773,[34.36412048339844, 44.971092224121094]
0304,[0.0, 0.0],-90.0,[0.0, 0.0]
0308,[0.0, 0.0],-90.0,[0.0, 0.0]
0312,[73.10984802246094, 62.544715881347656],114.65111541748047,[16.11817169189453, 17.367767333984375]
0316,[0.0, 0.0],-90.0,[0.0, 0.0]
0320,[82.70346069335938, 37.238189697265625],48.12030792236328,[12.599626541137695, 16.00421905517578]
0324,[97.48392486572266, 47.50399398803711],128.21192932128906,[9.521546363830566, 13.320038795471191]
0328,[0.0, 0.0],-90.0,[0.0, 0.0]
0332,[92.46440124511719, 101.55439758300781],24.90670394897461,[19.955949783325195, 34.13315963745117]
0336,[117.44564819335938, 105.92092895507812],29.377294540405273,[27.148841857910156, 34.61659622192383]
0340,[156.70274353027344, 115.8360595703125],37.5523681640625,[33.65119552612305, 34.74179458618164]
0344,[189.4312286376953, 125.89063262939453],116.88226318359378,[34.16856002807617, 35.295509338378906]
0348,[204.75323486328125, 130.8294677734375],137.17669677734375,[33.61572265625, 34.87710952758789]
0352,[0.0, 0.0],-90.0,[0.0, 0.0]
0356,[0.0, 0.0],-90.0,[0.0, 0.0]
0360,[81.09760284423828, 124.49810028076172],95.69235229492188,[10.130656242370605, 14.682245254516602]
0364,[0.0, 0.0],-90.0,[0.0, 0.0]
0368,[162.964111328125, 98.44896697998047],72.41250610351562,[31.387649536132812, 34.392982482910156]
0372,[154.18162536621094, 92.39876556396484],61.448551177978516,[30.309362411499023, 34.02410125732422]
0376,[152.23681640625, 90.97986602783203],61.894107818603516,[29.85293197631836, 34.304718017578125]
0380,[152.1959686279297, 90.9130859375],61.2924690246582,[29.97187042236328, 34.85165023803711]
0384,[152.18966674804688, 91.01844787597656],60.74016571044922,[30.524372100830078, 34.97986602783203]
0388,[152.16543579101562, 91.02051544189453],59.476802825927734,[30.662046432495117, 35.086490631103516]
0392,[152.17994689941406, 91.05097198486328],60.37198257446289,[30.760208129882812, 35.356117248535156]
0396,[152.1986846923828, 91.08780670166016],60.21553039550781,[30.877912521362305, 35.316593170166016]
